evaluations raw_y x0 x1 x2 x3 x4
1 6.3071231491 -3.565885 -0.776356 0.632878 0.717986 -4.434536
2 6.2339958555 1.042532 -2.906938 0.334911 4.926397 -3.444911
3 5.7624110673 -4.229910 0.576060 3.672542 3.198965 3.839004
4 4.1132482072 3.307441 0.126482 0.513032 -1.430300 -2.989378
16 3.1327556443 3.257361 -3.028154 1.058440 0.476461 -1.469742
19 2.5288742218 0.449704 3.377120 1.638658 1.695252 0.529252
35 1.2639114397 3.153982 4.666353 -0.901606 -0.680882 0.736480
81 1.1341543985 2.436723 3.257425 -2.316978 2.756767 2.186312
85 0.7852994739 2.316685 5.000000 -1.371785 -0.190155 0.770983
145 0.7815135920 2.576883 5.000000 -1.050738 0.225527 0.777659
149 0.6947419078 2.740846 5.000000 -4.132756 2.185412 1.336014
163 0.6148358840 1.945107 4.862528 -3.242484 1.264075 2.772240
170 0.6121553952 2.559459 5.000000 -0.706641 1.172124 1.879931
171 0.3186742014 2.541208 4.591144 -2.671372 1.690956 1.783133
211 0.2853840991 2.917150 5.000000 -2.759164 2.267889 2.506510
223 0.2543130836 2.605751 5.000000 -3.255580 2.153740 2.068918
224 0.2444793262 2.290919 5.000000 -1.667672 0.650018 1.514034
258 0.0617416035 1.842632 4.638379 -1.342902 1.288264 1.698919
365 0.0514333308 1.554411 4.412881 -1.501255 1.252646 2.163163
380 0.0406436750 1.821256 4.411863 -1.610979 1.272524 1.803441
386 0.0404399069 1.676067 4.104218 -1.354000 1.274154 1.579805
405 0.0385602172 1.554411 4.211083 -1.486942 1.359103 1.776728
421 0.0216323225 1.678212 4.461546 -1.397069 1.218472 1.634771
450 0.0178213117 1.671195 4.377064 -1.462672 1.171512 1.594530
602 0.0173374090 1.752727 4.343306 -1.422615 1.167232 1.609615
609 0.0172672351 1.773639 4.274729 -1.435628 1.167091 1.574490
618 0.0127804898 1.697232 4.295305 -1.414036 1.177487 1.529452
624 0.0121930234 1.693243 4.318393 -1.393539 1.165140 1.548875
633 0.0084161360 1.709458 4.248210 -1.358795 1.168930 1.552432
672 0.0080241894 1.676322 4.303082 -1.358156 1.168897 1.595563
764 0.0070291256 1.673144 4.246144 -1.333902 1.172096 1.562561
781 0.0054303102 1.676475 4.212593 -1.335132 1.172517 1.552364
805 0.0052561601 1.690246 4.217935 -1.343865 1.183047 1.558271
815 0.0040179481 1.682468 4.138966 -1.315918 1.166900 1.528420
841 0.0034995638 1.677913 4.111227 -1.288881 1.172517 1.532476
861 0.0032292781 1.684000 4.107921 -1.288881 1.172517 1.532476
887 0.0013969037 1.690153 4.090476 -1.294168 1.172838 1.510600
1017 0.0010757824 1.691114 4.099350 -1.292909 1.164824 1.512546
1021 0.0009601520 1.692660 4.095807 -1.287434 1.162949 1.510215
1114 0.0008486824 1.694912 4.084875 -1.285841 1.166121 1.510947
1148 0.0006525050 1.694898 4.077323 -1.286215 1.169038 1.508058
1225 0.0005289632 1.693799 4.077635 -1.285658 1.168653 1.506961
1290 0.0004381145 1.693813 4.077768 -1.282988 1.165537 1.507530
1321 0.0004286272 1.693412 4.078155 -1.282681 1.165656 1.507486
1338 0.0003796218 1.693926 4.082079 -1.284079 1.165766 1.506156
1378 0.0003408625 1.693926 4.080316 -1.284223 1.165852 1.506608
1397 0.0003280257 1.694701 4.080727 -1.285053 1.165757 1.505330
1401 0.0002902721 1.694032 4.080278 -1.284085 1.165908 1.505905
1417 0.0002448577 1.694107 4.078562 -1.283810 1.165318 1.505598
1454 0.0002116013 1.694808 4.077518 -1.284451 1.165208 1.504239
1468 0.0001793691 1.694801 4.076808 -1.283904 1.165062 1.504059
1509 0.0001621794 1.695398 4.075468 -1.282815 1.165603 1.503658
1522 0.0001466367 1.695278 4.075799 -1.282347 1.164958 1.503672
1532 0.0001339206 1.694677 4.076240 -1.282993 1.165290 1.503744
1539 0.0000850160 1.694283 4.075138 -1.282351 1.164758 1.503722
1640 0.0000700000 1.694004 4.075610 -1.282698 1.164759 1.503820
1672 0.0000547105 1.693861 4.075013 -1.282368 1.164793 1.503469
1746 0.0000536984 1.694161 4.075304 -1.282289 1.164874 1.503687
1759 0.0000524698 1.694186 4.075102 -1.282765 1.165027 1.503541
1778 0.0000458564 1.694030 4.075029 -1.282526 1.165035 1.503712
1792 0.0000396524 1.694060 4.075123 -1.282521 1.164874 1.503583
1811 0.0000344144 1.693963 4.074806 -1.282269 1.164958 1.503319
1825 0.0000309729 1.693943 4.075244 -1.282465 1.164872 1.503605
1855 0.0000233149 1.694002 4.074891 -1.282290 1.165015 1.503520
1932 0.0000220650 1.693987 4.074895 -1.282325 1.165011 1.503512
1947 0.0000163384 1.693948 4.075010 -1.282386 1.164950 1.503470
2011 0.0000154250 1.693960 4.074866 -1.282294 1.164924 1.503475
2036 0.0000131457 1.693948 4.074874 -1.282301 1.164925 1.503456
2060 0.0000095966 1.693958 4.074741 -1.282226 1.164925 1.503430
2062 0.0000081086 1.693911 4.074817 -1.282238 1.164912 1.503431
2117 0.0000073811 1.693914 4.074799 -1.282211 1.164902 1.503417
2133 0.0000058803 1.693905 4.074794 -1.282248 1.164908 1.503408
2148 0.0000037183 1.693909 4.074778 -1.282247 1.164903 1.503388
2276 0.0000031230 1.693916 4.074739 -1.282221 1.164894 1.503365
2288 0.0000021602 1.693911 4.074721 -1.282222 1.164900 1.503368
2317 0.0000016582 1.693914 4.074710 -1.282211 1.164898 1.503366
2370 0.0000013552 1.693916 4.074695 -1.282203 1.164898 1.503360
2439 0.0000012968 1.693919 4.074687 -1.282207 1.164901 1.503358
2462 0.0000011471 1.693917 4.074697 -1.282211 1.164897 1.503358
2501 0.0000010976 1.693913 4.074700 -1.282204 1.164892 1.503360
2508 0.0000007628 1.693916 4.074686 -1.282202 1.164895 1.503353
2528 0.0000006951 1.693916 4.074686 -1.282207 1.164895 1.503355
2592 0.0000006505 1.693916 4.074683 -1.282206 1.164896 1.503355
2611 0.0000006083 1.693915 4.074684 -1.282205 1.164895 1.503354
2636 0.0000005516 1.693916 4.074685 -1.282205 1.164894 1.503354
2648 0.0000005064 1.693917 4.074686 -1.282206 1.164893 1.503353
2671 0.0000005058 1.693916 4.074684 -1.282205 1.164894 1.503354
2687 0.0000004738 1.693918 4.074680 -1.282205 1.164894 1.503353
2688 0.0000003710 1.693917 4.074681 -1.282205 1.164893 1.503352
2731 0.0000003562 1.693916 4.074683 -1.282203 1.164893 1.503353
2747 0.0000002838 1.693917 4.074680 -1.282202 1.164893 1.503353
2773 0.0000002592 1.693918 4.074678 -1.282202 1.164893 1.503352
2787 0.0000002342 1.693917 4.074680 -1.282202 1.164892 1.503353
2847 0.0000002283 1.693917 4.074680 -1.282202 1.164892 1.503353
2857 0.0000001919 1.693916 4.074680 -1.282202 1.164892 1.503352
2868 0.0000001916 1.693917 4.074680 -1.282202 1.164892 1.503352
2878 0.0000001911 1.693916 4.074681 -1.282202 1.164892 1.503353
2905 0.0000001848 1.693916 4.074681 -1.282202 1.164891 1.503353
2918 0.0000001831 1.693916 4.074680 -1.282202 1.164892 1.503353
2923 0.0000001598 1.693917 4.074680 -1.282202 1.164891 1.503352
2937 0.0000001509 1.693916 4.074680 -1.282202 1.164891 1.503353
2946 0.0000001458 1.693916 4.074681 -1.282202 1.164891 1.503353
2967 0.0000001453 1.693916 4.074680 -1.282201 1.164891 1.503353
2972 0.0000001383 1.693917 4.074680 -1.282202 1.164891 1.503352
2995 0.0000001337 1.693916 4.074680 -1.282202 1.164891 1.503352
3000 0.0000001147 1.693917 4.074680 -1.282201 1.164891 1.503352
3020 0.0000001120 1.693916 4.074680 -1.282202 1.164891 1.503352
3057 0.0000001016 1.693916 4.074679 -1.282201 1.164891 1.503352
3072 0.0000000798 1.693916 4.074679 -1.282201 1.164891 1.503352
3112 0.0000000788 1.693916 4.074679 -1.282201 1.164891 1.503352
3124 0.0000000649 1.693916 4.074678 -1.282201 1.164891 1.503352
3159 0.0000000495 1.693916 4.074678 -1.282201 1.164891 1.503352
3192 0.0000000222 1.693916 4.074677 -1.282200 1.164891 1.503351
3310 0.0000000194 1.693917 4.074677 -1.282200 1.164891 1.503351
3340 0.0000000191 1.693916 4.074677 -1.282200 1.164891 1.503351
3382 0.0000000184 1.693916 4.074677 -1.282200 1.164891 1.503351
3387 0.0000000161 1.693916 4.074677 -1.282200 1.164891 1.503351
3404 0.0000000121 1.693916 4.074677 -1.282200 1.164891 1.503351
3451 0.0000000115 1.693916 4.074677 -1.282200 1.164891 1.503351
3462 0.0000000101 1.693916 4.074677 -1.282200 1.164891 1.503351
3488 0.0000000066 1.693916 4.074677 -1.282200 1.164891 1.503351
3587 0.0000000059 1.693916 4.074677 -1.282200 1.164891 1.503351
3588 0.0000000052 1.693916 4.074677 -1.282200 1.164891 1.503351
3607 0.0000000045 1.693916 4.074677 -1.282200 1.164891 1.503351
3639 0.0000000034 1.693916 4.074677 -1.282200 1.164891 1.503351
3823 0.0000000030 1.693916 4.074677 -1.282200 1.164891 1.503351
3843 0.0000000027 1.693916 4.074677 -1.282200 1.164891 1.503351
3861 0.0000000025 1.693916 4.074677 -1.282200 1.164891 1.503351
3912 0.0000000018 1.693916 4.074677 -1.282200 1.164891 1.503351
4005 0.0000000014 1.693916 4.074677 -1.282200 1.164891 1.503351
4094 0.0000000013 1.693916 4.074677 -1.282200 1.164891 1.503351
4144 0.0000000011 1.693916 4.074677 -1.282200 1.164891 1.503351
4165 0.0000000009 1.693916 4.074677 -1.282200 1.164891 1.503351
4265 0.0000000007 1.693916 4.074677 -1.282200 1.164891 1.503351
4393 0.0000000006 1.693916 4.074677 -1.282200 1.164891 1.503351
4431 0.0000000004 1.693916 4.074677 -1.282200 1.164891 1.503351
4595 0.0000000003 1.693916 4.074677 -1.282200 1.164891 1.503351
4682 0.0000000002 1.693916 4.074677 -1.282200 1.164891 1.503351
4931 0.0000000001 1.693916 4.074677 -1.282200 1.164891 1.503351
10000 0.0230714351 1.695769 4.073214 -1.265053 1.145669 1.454979
