evaluations raw_y x0 x1 x2 x3 x4
1 71.4766777891 -4.336583 3.410643 -2.049504 -3.043955 -1.683400
2 53.7984767376 -0.157663 -3.054781 -1.078575 2.949595 1.033787
5 30.2237437946 -2.943235 -0.554389 -2.122573 -1.855875 -1.041422
9 17.7017073084 3.157191 -0.033709 -1.473687 1.024962 -2.800863
81 16.6419576703 5.000000 1.428686 -1.257911 4.126379 -2.973450
93 10.2589521061 1.619329 4.242874 -1.797683 2.129030 -4.141563
180 5.4655735750 2.681484 2.725067 -3.110026 4.636105 -4.108394
326 5.0015990632 2.487322 2.102630 -3.687237 4.765794 -4.784812
342 3.6978670926 3.140762 2.947998 -3.428043 5.000000 -5.000000
375 1.9120145426 2.280802 2.759617 -3.715282 4.823555 -4.361307
408 1.7380972213 2.681665 2.849323 -3.584610 4.818053 -4.747098
487 1.6983911146 1.913983 2.652706 -4.072014 4.861033 -4.176357
516 1.4896036517 2.225312 2.922769 -3.694844 4.688414 -4.159045
528 1.4230049338 2.599392 2.812265 -3.505993 4.541260 -4.672801
546 1.0689640246 2.085220 2.646663 -3.510779 4.632742 -4.233687
560 0.6307094798 2.319078 2.915596 -3.680306 4.702434 -4.114898
625 0.2925109287 2.155667 2.775468 -3.683365 4.596350 -4.230935
754 0.2281306902 2.121207 2.816838 -3.595162 4.543506 -4.295546
837 0.0555884335 2.170605 2.750584 -3.665582 4.545217 -4.357838
971 0.0480889903 2.144635 2.747723 -3.706736 4.519205 -4.340900
1028 0.0356323218 2.156125 2.722291 -3.698849 4.511090 -4.335821
1043 0.0091131130 2.162809 2.736662 -3.703040 4.514818 -4.364478
1188 0.0021021005 2.154680 2.741584 -3.685735 4.506897 -4.360643
1290 0.0005285493 2.150131 2.732943 -3.694012 4.503350 -4.363621
1503 0.0004787324 2.157525 2.731708 -3.690429 4.504131 -4.361806
1593 0.0002308836 2.151578 2.733257 -3.690112 4.506166 -4.358692
1643 0.0002150844 2.153301 2.732499 -3.688906 4.504127 -4.359078
1659 0.0001031789 2.153854 2.732948 -3.691896 4.506277 -4.360475
1734 0.0000409234 2.154489 2.732999 -3.690845 4.505192 -4.360140
1814 0.0000223204 2.154630 2.734457 -3.689902 4.506512 -4.359173
1906 0.0000122416 2.154806 2.734148 -3.689172 4.506003 -4.358757
2092 0.0000119148 2.154337 2.734598 -3.689659 4.506065 -4.359443
2094 0.0000117240 2.154481 2.734633 -3.689049 4.506175 -4.358801
2101 0.0000101207 2.154850 2.733966 -3.689584 4.505771 -4.359110
2216 0.0000098898 2.154563 2.733874 -3.689683 4.505747 -4.358972
2226 0.0000097365 2.154469 2.734418 -3.689727 4.506105 -4.359310
2284 0.0000063318 2.154469 2.734286 -3.689716 4.506024 -4.359248
2332 0.0000055702 2.154396 2.734160 -3.689748 4.505956 -4.359200
2391 0.0000046620 2.154513 2.734053 -3.689781 4.505936 -4.359242
2517 0.0000045401 2.154536 2.734032 -3.689770 4.505843 -4.359231
2546 0.0000035748 2.154455 2.734123 -3.689794 4.505878 -4.359280
2683 0.0000031883 2.154538 2.734045 -3.689753 4.505871 -4.359234
2689 0.0000027955 2.154487 2.734140 -3.689751 4.505897 -4.359271
2734 0.0000026869 2.154490 2.734114 -3.689740 4.505897 -4.359267
2812 0.0000019824 2.154478 2.734115 -3.689784 4.505911 -4.359285
2913 0.0000018979 2.154491 2.734099 -3.689763 4.505911 -4.359257
2942 0.0000015943 2.154484 2.734128 -3.689758 4.505921 -4.359264
3051 0.0000014589 2.154494 2.734104 -3.689748 4.505901 -4.359249
3055 0.0000014065 2.154513 2.734113 -3.689751 4.505908 -4.359254
3066 0.0000007697 2.154506 2.734101 -3.689755 4.505903 -4.359248
3316 0.0000006392 2.154500 2.734110 -3.689757 4.505909 -4.359256
3421 0.0000006264 2.154499 2.734104 -3.689759 4.505906 -4.359256
3437 0.0000004254 2.154501 2.734107 -3.689758 4.505909 -4.359256
3443 0.0000004185 2.154503 2.734105 -3.689757 4.505906 -4.359253
3514 0.0000003574 2.154502 2.734106 -3.689758 4.505908 -4.359254
3521 0.0000003389 2.154500 2.734109 -3.689755 4.505909 -4.359253
3588 0.0000002421 2.154502 2.734106 -3.689756 4.505907 -4.359252
3621 0.0000002360 2.154501 2.734105 -3.689758 4.505907 -4.359253
3722 0.0000002320 2.154500 2.734105 -3.689757 4.505907 -4.359253
3732 0.0000001672 2.154501 2.734106 -3.689757 4.505908 -4.359253
3780 0.0000001526 2.154501 2.734106 -3.689757 4.505908 -4.359253
3783 0.0000001017 2.154501 2.734106 -3.689757 4.505907 -4.359253
3999 0.0000000644 2.154501 2.734105 -3.689757 4.505907 -4.359253
4169 0.0000000449 2.154501 2.734106 -3.689757 4.505907 -4.359253
4407 0.0000000227 2.154501 2.734106 -3.689757 4.505907 -4.359253
4540 0.0000000193 2.154501 2.734106 -3.689757 4.505907 -4.359253
4560 0.0000000177 2.154501 2.734106 -3.689757 4.505907 -4.359253
4736 0.0000000155 2.154501 2.734106 -3.689757 4.505907 -4.359253
4751 0.0000000137 2.154501 2.734106 -3.689757 4.505907 -4.359253
4785 0.0000000117 2.154501 2.734106 -3.689757 4.505907 -4.359253
4875 0.0000000109 2.154501 2.734106 -3.689757 4.505907 -4.359253
4879 0.0000000099 2.154501 2.734106 -3.689757 4.505907 -4.359253
4909 0.0000000072 2.154501 2.734106 -3.689757 4.505907 -4.359253
4924 0.0000000069 2.154501 2.734106 -3.689757 4.505907 -4.359253
5036 0.0000000064 2.154501 2.734106 -3.689757 4.505907 -4.359253
5120 0.0000000057 2.154501 2.734106 -3.689757 4.505907 -4.359253
5128 0.0000000051 2.154501 2.734106 -3.689757 4.505907 -4.359253
5173 0.0000000044 2.154501 2.734106 -3.689757 4.505907 -4.359253
5251 0.0000000043 2.154501 2.734106 -3.689757 4.505907 -4.359253
5258 0.0000000038 2.154501 2.734106 -3.689757 4.505907 -4.359253
5273 0.0000000026 2.154501 2.734106 -3.689757 4.505907 -4.359253
5477 0.0000000024 2.154501 2.734106 -3.689757 4.505907 -4.359253
5536 0.0000000023 2.154501 2.734106 -3.689757 4.505907 -4.359253
5554 0.0000000020 2.154501 2.734106 -3.689757 4.505907 -4.359253
5592 0.0000000018 2.154501 2.734106 -3.689757 4.505907 -4.359253
5699 0.0000000016 2.154501 2.734106 -3.689757 4.505907 -4.359253
5700 0.0000000015 2.154501 2.734106 -3.689757 4.505907 -4.359253
5703 0.0000000012 2.154501 2.734106 -3.689757 4.505907 -4.359253
5866 0.0000000011 2.154501 2.734106 -3.689757 4.505907 -4.359253
5917 0.0000000010 2.154501 2.734106 -3.689757 4.505907 -4.359253
5980 0.0000000008 2.154501 2.734106 -3.689757 4.505907 -4.359253
6178 0.0000000006 2.154501 2.734106 -3.689757 4.505907 -4.359253
6268 0.0000000005 2.154501 2.734106 -3.689757 4.505907 -4.359253
6297 0.0000000004 2.154501 2.734106 -3.689757 4.505907 -4.359253
6305 0.0000000003 2.154501 2.734106 -3.689757 4.505907 -4.359253
6654 0.0000000002 2.154501 2.734106 -3.689757 4.505907 -4.359253
7197 0.0000000001 2.154501 2.734106 -3.689757 4.505907 -4.359253
10000 33.5516640310 5.000000 3.357988 -4.705821 4.327467 -4.484595
