evaluations raw_y x0 x1 x2 x3 x4
1 1.2902699144 0.492000 0.702787 -2.691858 -0.369498 3.270040
3 0.8857188905 -3.190240 1.444500 0.458301 2.755462 -1.816086
4 0.6841921064 1.465606 4.509984 -2.154229 -0.531318 -0.758731
5 0.6173408995 4.806960 -3.595282 -0.573086 -3.048006 3.762949
6 0.4413548491 3.816309 4.020432 3.436455 2.046983 4.102683
10 0.3835400882 3.643872 -2.051472 -0.180057 1.752924 0.076523
11 0.1326304859 4.952095 4.340911 -1.277015 1.822710 -0.587482
71 0.1218762074 4.952095 4.340911 -1.238819 -1.069068 -0.587482
105 0.0926494541 2.611971 5.000000 0.482746 -1.451651 0.260422
115 0.0858840520 4.105491 2.980094 -0.841533 0.565169 -0.590793
118 0.0365293467 5.000000 3.614591 -0.661520 -0.261626 -0.641204
168 0.0332074969 4.116108 3.868272 -0.018126 -0.304413 -0.617554
198 0.0260716636 4.482516 3.614591 -0.489200 -0.656322 -0.339145
311 0.0240805530 4.602900 3.739996 -0.440295 -0.368495 -0.638511
355 0.0136712426 4.499896 3.587962 -0.580886 -0.295224 -0.293918
460 0.0098957675 3.878375 4.317383 0.635596 -1.267467 -0.101148
478 0.0088714067 3.700979 4.485277 0.841238 -1.488364 -0.110831
522 0.0054748226 4.532134 3.643491 -0.503185 -0.197284 -0.383152
610 0.0028715564 3.835193 4.298471 0.580331 -1.237386 -0.197812
729 0.0025706118 3.711512 4.441692 0.842770 -1.484115 -0.228482
790 0.0020518311 3.966876 4.212910 0.335411 -1.031152 -0.256778
854 0.0017175361 4.005268 4.134375 0.194359 -0.942361 -0.258120
941 0.0008628559 3.910225 4.227385 0.415233 -1.103243 -0.247809
1005 0.0006589428 3.988513 4.165871 0.261061 -0.986778 -0.255589
1114 0.0005517151 3.896430 4.251376 0.458250 -1.143539 -0.239157
1186 0.0004621975 3.927717 4.225973 0.401807 -1.106050 -0.246041
1219 0.0003409923 3.858371 4.295907 0.568343 -1.230154 -0.232003
1237 0.0002967929 3.886149 4.269485 0.511600 -1.183827 -0.237335
1285 0.0001479265 3.929683 4.216830 0.392372 -1.088571 -0.245796
1312 0.0001299949 3.890045 4.260202 0.488822 -1.166954 -0.238799
1407 0.0001080946 3.908849 4.240644 0.445226 -1.134524 -0.242902
1461 0.0000602598 3.895396 4.254562 0.477197 -1.158159 -0.239089
1494 0.0000582923 3.904510 4.244880 0.455628 -1.140668 -0.241373
1563 0.0000581462 3.882641 4.268590 0.510962 -1.185445 -0.236962
1587 0.0000527891 3.881310 4.268894 0.513740 -1.187478 -0.236667
1594 0.0000414737 3.886177 4.264124 0.500745 -1.177590 -0.237658
1607 0.0000414562 3.892113 4.257925 0.486498 -1.166009 -0.238839
1615 0.0000394026 3.885466 4.264851 0.502580 -1.179000 -0.237443
1620 0.0000355710 3.882688 4.267993 0.509826 -1.184487 -0.236793
1637 0.0000310406 3.903862 4.245392 0.456234 -1.141930 -0.241309
1641 0.0000284767 3.903515 4.245672 0.456827 -1.142478 -0.241161
1668 0.0000283518 3.895108 4.254456 0.477882 -1.158921 -0.239521
1696 0.0000276180 3.905758 4.243228 0.451485 -1.138029 -0.241629
1707 0.0000266978 3.890067 4.259962 0.490914 -1.169234 -0.238267
1714 0.0000251320 3.904204 4.244801 0.455191 -1.141101 -0.241215
1751 0.0000231446 3.887060 4.262972 0.498420 -1.175096 -0.237804
1834 0.0000230428 3.886967 4.262954 0.498562 -1.175391 -0.237716
1845 0.0000229934 3.883856 4.266468 0.506713 -1.181517 -0.237077
1871 0.0000226753 3.880228 4.270086 0.515665 -1.188597 -0.236365
1874 0.0000209031 3.881507 4.268885 0.512606 -1.186186 -0.236612
1911 0.0000205518 3.882734 4.267518 0.509484 -1.183874 -0.236769
1961 0.0000200308 3.874736 4.276197 0.530378 -1.199944 -0.235095
1981 0.0000198929 3.875439 4.275394 0.528472 -1.198598 -0.235212
1982 0.0000198803 3.876144 4.274691 0.526643 -1.197121 -0.235391
1985 0.0000194337 3.876619 4.274104 0.525359 -1.196113 -0.235477
1990 0.0000194090 3.880650 4.269760 0.514844 -1.187965 -0.236392
1998 0.0000193174 3.874491 4.276494 0.531115 -1.200562 -0.234986
2010 0.0000191458 3.877988 4.272643 0.521818 -1.193413 -0.235833
2029 0.0000189108 3.878948 4.271655 0.519373 -1.191495 -0.236024
2030 0.0000188006 3.877689 4.272985 0.522653 -1.194002 -0.235755
2046 0.0000183329 3.874715 4.276209 0.530598 -1.200216 -0.235061
2076 0.0000181533 3.875895 4.274919 0.527485 -1.197731 -0.235327
2094 0.0000178009 3.874820 4.276131 0.530376 -1.200003 -0.235078
2131 0.0000177545 3.875286 4.275622 0.529128 -1.199021 -0.235195
2269 0.0000177479 3.875215 4.275711 0.529345 -1.199184 -0.235168
2291 0.0000177208 3.873991 4.277024 0.532565 -1.201677 -0.234898
2292 0.0000177118 3.874562 4.276393 0.531074 -1.200511 -0.235031
2308 0.0000176966 3.874882 4.276060 0.530201 -1.199841 -0.235107
2317 0.0000176522 3.873696 4.277335 0.533357 -1.202270 -0.234840
2336 0.0000176328 3.873768 4.277257 0.533187 -1.202128 -0.234857
2356 0.0000175648 3.873768 4.277267 0.533202 -1.202131 -0.234861
2392 0.0000175586 3.872741 4.278379 0.535954 -1.204253 -0.234625
2407 0.0000174344 3.873630 4.277427 0.533547 -1.202417 -0.234842
2426 0.0000174256 3.874090 4.276946 0.532356 -1.201494 -0.234949
2435 0.0000174156 3.873556 4.277511 0.533774 -1.202579 -0.234818
2444 0.0000173363 3.872747 4.278384 0.535921 -1.204228 -0.234654
2455 0.0000172627 3.872558 4.278600 0.536463 -1.204639 -0.234602
2475 0.0000172269 3.873220 4.277887 0.534680 -1.203289 -0.234754
2487 0.0000171108 3.871536 4.279718 0.539185 -1.206747 -0.234377
2510 0.0000170731 3.872474 4.278721 0.536726 -1.204856 -0.234578
2515 0.0000170508 3.870818 4.280512 0.541158 -1.208254 -0.234206
2516 0.0000169632 3.871056 4.280253 0.540491 -1.207754 -0.234271
2530 0.0000169618 3.872035 4.279216 0.537922 -1.205779 -0.234482
2550 0.0000169026 3.871381 4.279923 0.539676 -1.207120 -0.234336
2564 0.0000168910 3.871595 4.279682 0.539065 -1.206660 -0.234398
2566 0.0000168825 3.870842 4.280518 0.541142 -1.208237 -0.234214
2574 0.0000168601 3.870977 4.280359 0.540711 -1.207941 -0.234257
2576 0.0000168114 3.871158 4.280176 0.540268 -1.207590 -0.234291
2578 0.0000167584 3.870817 4.280561 0.541201 -1.208314 -0.234213
2586 0.0000167275 3.870638 4.280756 0.541686 -1.208682 -0.234173
2602 0.0000166470 3.870345 4.281073 0.542473 -1.209289 -0.234166
2604 0.0000164933 3.870192 4.281241 0.542876 -1.209604 -0.234112
2628 0.0000163985 3.869292 4.282237 0.545302 -1.211479 -0.233912
2641 0.0000163552 3.869698 4.281819 0.544303 -1.210678 -0.233988
2655 0.0000163041 3.869636 4.281879 0.544446 -1.210799 -0.233977
2662 0.0000162666 3.869216 4.282351 0.545618 -1.211686 -0.233901
2682 0.0000162605 3.869030 4.282565 0.546161 -1.212093 -0.233860
2702 0.0000162042 3.867982 4.283750 0.549064 -1.214319 -0.233635
2722 0.0000161125 3.868490 4.283162 0.547608 -1.213219 -0.233747
2729 0.0000160608 3.867574 4.284204 0.550153 -1.215167 -0.233540
2741 0.0000160177 3.868100 4.283593 0.548662 -1.214036 -0.233664
2757 0.0000159377 3.867423 4.284352 0.550511 -1.215460 -0.233515
2779 0.0000159015 3.867132 4.284688 0.551338 -1.216090 -0.233447
2815 0.0000158549 3.865539 4.286467 0.555684 -1.219441 -0.233100
2827 0.0000158442 3.866293 4.285620 0.553611 -1.217847 -0.233263
2832 0.0000157838 3.867000 4.284830 0.551709 -1.216373 -0.233420
2834 0.0000157257 3.865560 4.286447 0.555665 -1.219409 -0.233109
2853 0.0000156224 3.865750 4.286225 0.555124 -1.219000 -0.233145
2878 0.0000156000 3.863532 4.288719 0.561261 -1.223705 -0.232670
2881 0.0000155747 3.864991 4.287103 0.557326 -1.220666 -0.232975
2893 0.0000155621 3.863450 4.288807 0.561467 -1.223875 -0.232638
2897 0.0000155419 3.864514 4.287620 0.558560 -1.221630 -0.232875
2919 0.0000155226 3.863979 4.288242 0.560123 -1.222809 -0.232754
2921 0.0000154731 3.863688 4.288546 0.560835 -1.223385 -0.232687
2936 0.0000154712 3.864057 4.288147 0.559889 -1.222626 -0.232771
2947 0.0000154426 3.863286 4.289012 0.562005 -1.224253 -0.232598
2950 0.0000154320 3.864314 4.287846 0.559132 -1.222067 -0.232833
2953 0.0000154262 3.863969 4.288242 0.560131 -1.222816 -0.232758
2955 0.0000153648 3.863430 4.288847 0.561606 -1.223957 -0.232634
2963 0.0000153546 3.863705 4.288536 0.560856 -1.223380 -0.232703
2998 0.0000153059 3.862994 4.289339 0.562827 -1.224898 -0.232540
3001 0.0000152747 3.862959 4.289380 0.562942 -1.224975 -0.232534
3006 0.0000152312 3.862361 4.290059 0.564626 -1.226263 -0.232399
3046 0.0000152151 3.862175 4.290270 0.565144 -1.226659 -0.232353
3051 0.0000152113 3.861612 4.290904 0.566701 -1.227864 -0.232223
3062 0.0000151836 3.861572 4.290956 0.566845 -1.227959 -0.232212
3066 0.0000151565 3.861134 4.291448 0.568060 -1.228882 -0.232115
3080 0.0000151455 3.861174 4.291399 0.567939 -1.228787 -0.232128
3120 0.0000151303 3.861493 4.291031 0.567017 -1.228092 -0.232202
3148 0.0000151051 3.861203 4.291357 0.567831 -1.228705 -0.232141
3156 0.0000150784 3.861715 4.290772 0.566381 -1.227602 -0.232256
3166 0.0000149987 3.860627 4.292002 0.569427 -1.229920 -0.232006
3226 0.0000149941 3.861281 4.291263 0.567622 -1.228523 -0.232156
3236 0.0000146500 3.861211 4.291339 0.567834 -1.228712 -0.232126
3254 0.0000144598 3.860359 4.292294 0.570220 -1.230532 -0.231924
3264 0.0000143765 3.860267 4.292390 0.570474 -1.230733 -0.231899
3275 0.0000143692 3.860513 4.292111 0.569776 -1.230200 -0.231958
3312 0.0000142450 3.860055 4.292618 0.571052 -1.231183 -0.231852
3344 0.0000142168 3.859973 4.292709 0.571280 -1.231356 -0.231834
3363 0.0000141354 3.859898 4.292795 0.571486 -1.231507 -0.231827
3373 0.0000140256 3.859706 4.293009 0.572065 -1.231920 -0.231768
3374 0.0000139047 3.859463 4.293258 0.572684 -1.232430 -0.231723
3387 0.0000138066 3.859441 4.293289 0.572774 -1.232476 -0.231714
3405 0.0000137232 3.858860 4.293942 0.574446 -1.233706 -0.231577
3407 0.0000136215 3.858724 4.294091 0.574814 -1.233999 -0.231547
3422 0.0000133406 3.857421 4.295548 0.578460 -1.236798 -0.231254
3448 0.0000132235 3.857737 4.295189 0.577580 -1.236076 -0.231344
3455 0.0000132052 3.857337 4.295644 0.578710 -1.236963 -0.231237
3465 0.0000131884 3.856176 4.296929 0.582002 -1.239413 -0.230976
3466 0.0000126895 3.856176 4.296932 0.581959 -1.239417 -0.230993
3484 0.0000125802 3.852701 4.300797 0.591698 -1.246829 -0.230211
3505 0.0000124343 3.855202 4.298010 0.584662 -1.241482 -0.230782
3533 0.0000123673 3.853476 4.299936 0.589548 -1.245158 -0.230388
3537 0.0000123348 3.854358 4.298959 0.587073 -1.243282 -0.230590
3544 0.0000122852 3.854527 4.298773 0.586560 -1.242929 -0.230638
3574 0.0000122275 3.853927 4.299463 0.588262 -1.244237 -0.230506
3591 0.0000120942 3.853784 4.299637 0.588777 -1.244572 -0.230468
3600 0.0000120119 3.853174 4.300305 0.590441 -1.245835 -0.230346
3614 0.0000119325 3.853353 4.300118 0.589933 -1.245485 -0.230377
3616 0.0000118498 3.851784 4.301880 0.594424 -1.248870 -0.229998
3621 0.0000117219 3.851122 4.302648 0.596392 -1.250348 -0.229847
3652 0.0000116733 3.851514 4.302195 0.595243 -1.249455 -0.229952
3665 0.0000116197 3.850181 4.303699 0.599058 -1.252324 -0.229650
3669 0.0000113262 3.848032 4.306158 0.605247 -1.257044 -0.229140
3675 0.0000109992 3.848761 4.305331 0.603150 -1.255433 -0.229327
3685 0.0000109185 3.846046 4.308431 0.610964 -1.261376 -0.228702
3695 0.0000108550 3.848693 4.305418 0.603353 -1.255585 -0.229319
3723 0.0000107958 3.846432 4.307975 0.609844 -1.260475 -0.228809
3732 0.0000105703 3.844374 4.310339 0.615778 -1.264979 -0.228342
3744 0.0000104101 3.845954 4.308548 0.611229 -1.261529 -0.228707
3855 0.0000103423 3.846885 4.307505 0.608570 -1.259533 -0.228904
3878 0.0000103316 3.845613 4.308952 0.612227 -1.262315 -0.228615
3888 0.0000103103 3.845871 4.308650 0.611476 -1.261734 -0.228676
3896 0.0000102827 3.845543 4.309056 0.612441 -1.262456 -0.228607
3928 0.0000102591 3.844927 4.309739 0.614204 -1.263792 -0.228466
3958 0.0000102219 3.845728 4.308832 0.611904 -1.262051 -0.228646
3970 0.0000102155 3.845897 4.308637 0.611419 -1.261681 -0.228683
3981 0.0000101855 3.845269 4.309366 0.613237 -1.263064 -0.228542
3996 0.0000101816 3.844758 4.309945 0.614717 -1.264157 -0.228426
4001 0.0000101694 3.845443 4.309166 0.612736 -1.262686 -0.228580
4004 0.0000101347 3.844665 4.310056 0.614985 -1.264375 -0.228409
4007 0.0000100897 3.844299 4.310470 0.616049 -1.265166 -0.228320
4017 0.0000100655 3.844343 4.310420 0.615927 -1.265072 -0.228329
4024 0.0000100172 3.845374 4.309259 0.612974 -1.262861 -0.228558
4045 0.0000100144 3.844450 4.310306 0.615641 -1.264842 -0.228354
4059 0.0000099518 3.844875 4.309834 0.614421 -1.263946 -0.228450
4066 0.0000098500 3.844831 4.309886 0.614573 -1.264061 -0.228430
4086 0.0000098285 3.844793 4.309940 0.614696 -1.264153 -0.228423
4090 0.0000098009 3.844537 4.310238 0.615449 -1.264710 -0.228365
4100 0.0000097827 3.844391 4.310420 0.615905 -1.265053 -0.228326
4111 0.0000096986 3.843726 4.311165 0.617804 -1.266475 -0.228178
4179 0.0000096963 3.843910 4.310953 0.617273 -1.266072 -0.228220
4184 0.0000096772 3.843705 4.311189 0.617883 -1.266524 -0.228168
4190 0.0000096481 3.843164 4.311833 0.619514 -1.267746 -0.228035
4227 0.0000096360 3.843407 4.311549 0.618801 -1.267212 -0.228092
4239 0.0000095940 3.843211 4.311770 0.619348 -1.267625 -0.228052
4260 0.0000095624 3.843015 4.312003 0.619942 -1.268070 -0.228004
4261 0.0000095519 3.842848 4.312173 0.620387 -1.268406 -0.227969
4262 0.0000095338 3.842921 4.312103 0.620194 -1.268261 -0.227986
4263 0.0000095261 3.843156 4.311830 0.619511 -1.267749 -0.228039
4276 0.0000094868 3.842521 4.312554 0.621331 -1.269120 -0.227901
4298 0.0000094706 3.842661 4.312403 0.620947 -1.268825 -0.227934
4304 0.0000094662 3.842670 4.312376 0.620882 -1.268788 -0.227940
4319 0.0000094211 3.842123 4.313021 0.622509 -1.270006 -0.227808
4321 0.0000094198 3.842041 4.313104 0.622733 -1.270163 -0.227799
4328 0.0000093847 3.841472 4.313787 0.624443 -1.271451 -0.227658
4335 0.0000093814 3.841414 4.313839 0.624593 -1.271552 -0.227655
4342 0.0000093711 3.841141 4.314162 0.625393 -1.272166 -0.227585
4345 0.0000093586 3.841281 4.313989 0.624963 -1.271839 -0.227629
4383 0.0000093541 3.841242 4.314035 0.625080 -1.271927 -0.227618
4410 0.0000093517 3.840285 4.315149 0.627893 -1.274037 -0.227399
4412 0.0000093395 3.841566 4.313661 0.624130 -1.271220 -0.227689
4443 0.0000093394 3.841211 4.314077 0.625177 -1.272009 -0.227603
4455 0.0000093383 3.841790 4.313394 0.623460 -1.270720 -0.227742
4465 0.0000093318 3.841096 4.314203 0.625502 -1.272248 -0.227583
4486 0.0000093289 3.841825 4.313360 0.623377 -1.270649 -0.227750
4494 0.0000092704 3.841029 4.314293 0.625723 -1.272418 -0.227562
4502 0.0000092368 3.840908 4.314424 0.626059 -1.272674 -0.227537
4524 0.0000092287 3.840077 4.315394 0.628508 -1.274514 -0.227343
4542 0.0000092283 3.840369 4.315049 0.627639 -1.273857 -0.227417
4548 0.0000092071 3.840747 4.314621 0.626560 -1.273045 -0.227494
4550 0.0000091896 3.840197 4.315250 0.628153 -1.274245 -0.227370
4561 0.0000091524 3.839411 4.316157 0.630454 -1.275975 -0.227188
4565 0.0000091344 3.839774 4.315741 0.629401 -1.275183 -0.227271
4567 0.0000091295 3.839484 4.316091 0.630275 -1.275839 -0.227202
4576 0.0000091102 3.839788 4.315729 0.629365 -1.275156 -0.227275
4581 0.0000090833 3.839915 4.315557 0.628950 -1.274847 -0.227315
4602 0.0000090442 3.839599 4.315926 0.629883 -1.275555 -0.227235
4609 0.0000090257 3.838887 4.316776 0.632025 -1.277164 -0.227059
4610 0.0000089938 3.839061 4.316568 0.631505 -1.276774 -0.227100
4613 0.0000086526 3.840147 4.315313 0.628350 -1.274406 -0.227396
4644 0.0000084390 3.840003 4.315466 0.628767 -1.274733 -0.227352
4660 0.0000084120 3.839523 4.316065 0.630237 -1.275822 -0.227229
4666 0.0000084058 3.838294 4.317457 0.633790 -1.278512 -0.226931
4681 0.0000081935 3.837679 4.318212 0.635700 -1.279953 -0.226791
4719 0.0000081687 3.837914 4.317902 0.634959 -1.279409 -0.226863
4731 0.0000081034 3.838131 4.317683 0.634358 -1.278940 -0.226904
4761 0.0000080328 3.836210 4.319906 0.640023 -1.283215 -0.226460
4787 0.0000079681 3.836509 4.319566 0.639131 -1.282532 -0.226529
4817 0.0000078985 3.835954 4.320208 0.640758 -1.283756 -0.226404
4855 0.0000077936 3.835655 4.320544 0.641626 -1.284412 -0.226352
4924 0.0000077857 3.836152 4.319984 0.640188 -1.283318 -0.226456
4934 0.0000077458 3.835789 4.320397 0.641244 -1.284117 -0.226385
4961 0.0000077362 3.834742 4.321630 0.644353 -1.286448 -0.226137
4980 0.0000077085 3.834457 4.321952 0.645181 -1.287077 -0.226079
4987 0.0000076722 3.835230 4.321046 0.642889 -1.285352 -0.226254
5000 0.0000074638 3.834418 4.321952 0.645303 -1.287160 -0.226046
5009 0.0000073041 3.834502 4.321866 0.645059 -1.286977 -0.226068
5029 0.0000072255 3.833006 4.323598 0.649461 -1.290292 -0.225735
5094 0.0000071919 3.832493 4.324203 0.650994 -1.291445 -0.225610
5115 0.0000071179 3.833538 4.322992 0.647917 -1.289127 -0.225853
5136 0.0000071140 3.834065 4.322391 0.646388 -1.287974 -0.225969
5150 0.0000071057 3.833598 4.322928 0.647760 -1.289008 -0.225865
5161 0.0000071040 3.833188 4.323400 0.648948 -1.289904 -0.225774
5179 0.0000070663 3.831611 4.325222 0.653622 -1.293408 -0.225399
5190 0.0000070581 3.831722 4.325108 0.653347 -1.293194 -0.225417
5192 0.0000070545 3.832300 4.324451 0.651658 -1.291931 -0.225555
5200 0.0000070340 3.833477 4.323063 0.648114 -1.289265 -0.225831
5201 0.0000070160 3.832202 4.324547 0.651907 -1.292116 -0.225532
5244 0.0000069475 3.833861 4.322633 0.647014 -1.288438 -0.225939
5249 0.0000069283 3.834089 4.322368 0.646365 -1.287940 -0.225984
5261 0.0000068492 3.832577 4.324120 0.650801 -1.291288 -0.225630
5265 0.0000068429 3.832696 4.323998 0.650510 -1.291059 -0.225656
5271 0.0000067136 3.832423 4.324308 0.651280 -1.291645 -0.225603
5274 0.0000066267 3.831540 4.325334 0.653924 -1.293621 -0.225388
5303 0.0000065840 3.829975 4.327172 0.658624 -1.297144 -0.225033
5304 0.0000064759 3.830912 4.326078 0.655825 -1.295042 -0.225250
5308 0.0000064171 3.830686 4.326333 0.656469 -1.295532 -0.225205
5312 0.0000063828 3.830212 4.326886 0.657880 -1.296592 -0.225098
5313 0.0000063712 3.830573 4.326461 0.656803 -1.295777 -0.225168
5334 0.0000063521 3.830281 4.326796 0.657654 -1.296422 -0.225112
5337 0.0000062126 3.828864 4.328448 0.661875 -1.299585 -0.224779
5350 0.0000061453 3.828728 4.328618 0.662310 -1.299904 -0.224751
5381 0.0000061034 3.829598 4.327592 0.659679 -1.297938 -0.224963
5383 0.0000060628 3.829449 4.327776 0.660154 -1.298287 -0.224923
5436 0.0000060354 3.827919 4.329561 0.664716 -1.301703 -0.224579
5449 0.0000059605 3.828356 4.329045 0.663399 -1.300718 -0.224676
5502 0.0000059196 3.827866 4.329609 0.664833 -1.301795 -0.224574
5508 0.0000059158 3.828038 4.329412 0.664332 -1.301417 -0.224613
5546 0.0000058892 3.827971 4.329487 0.664534 -1.301562 -0.224589
5552 0.0000058768 3.827391 4.330157 0.666244 -1.302843 -0.224459
5571 0.0000058170 3.827954 4.329507 0.664572 -1.301589 -0.224597
5586 0.0000057635 3.828202 4.329216 0.663835 -1.301039 -0.224644
5609 0.0000057358 3.828645 4.328700 0.662519 -1.300037 -0.224751
5628 0.0000057323 3.828504 4.328866 0.662942 -1.300360 -0.224716
5633 0.0000052736 3.828044 4.329400 0.664207 -1.301317 -0.224618
5651 0.0000052611 3.828108 4.329324 0.664046 -1.301191 -0.224635
5653 0.0000049691 3.827318 4.330253 0.666400 -1.302974 -0.224450
5693 0.0000048421 3.827124 4.330500 0.666993 -1.303413 -0.224401
5701 0.0000047306 3.826268 4.331504 0.669524 -1.305330 -0.224205
5743 0.0000047060 3.825601 4.332285 0.671501 -1.306821 -0.224059
5776 0.0000045749 3.824871 4.333135 0.673654 -1.308453 -0.223878
5829 0.0000045379 3.824594 4.333460 0.674437 -1.309033 -0.223817
5846 0.0000043853 3.823942 4.334216 0.676349 -1.310489 -0.223672
5920 0.0000043444 3.823114 4.335185 0.678794 -1.312335 -0.223478
5934 0.0000043145 3.823816 4.334365 0.676732 -1.310770 -0.223636
5950 0.0000042547 3.823274 4.334991 0.678319 -1.311981 -0.223518
5969 0.0000042461 3.823371 4.334881 0.678046 -1.311765 -0.223534
6007 0.0000042437 3.822926 4.335394 0.679351 -1.312761 -0.223441
6017 0.0000042046 3.823055 4.335244 0.678971 -1.312471 -0.223466
6022 0.0000042019 3.822602 4.335777 0.680305 -1.313474 -0.223363
6025 0.0000041931 3.823456 4.334775 0.677802 -1.311581 -0.223555
6041 0.0000041540 3.823003 4.335310 0.679121 -1.312577 -0.223456
6044 0.0000041115 3.823280 4.334984 0.678322 -1.311962 -0.223515
6052 0.0000040847 3.823501 4.334717 0.677671 -1.311475 -0.223568
6064 0.0000040830 3.823202 4.335077 0.678550 -1.312130 -0.223503
6075 0.0000040448 3.823148 4.335136 0.678712 -1.312251 -0.223489
6091 0.0000040438 3.823227 4.335043 0.678475 -1.312082 -0.223513
6094 0.0000040314 3.823527 4.334693 0.677593 -1.311409 -0.223576
6105 0.0000040117 3.823397 4.334846 0.677961 -1.311687 -0.223550
6119 0.0000039787 3.823029 4.335272 0.679052 -1.312505 -0.223465
6138 0.0000039584 3.823188 4.335086 0.678588 -1.312157 -0.223500
6153 0.0000039083 3.823024 4.335275 0.679058 -1.312510 -0.223465
6186 0.0000038655 3.823232 4.335031 0.678437 -1.312048 -0.223513
6233 0.0000038413 3.822746 4.335597 0.679856 -1.313116 -0.223407
6247 0.0000038015 3.823087 4.335192 0.678844 -1.312347 -0.223480
6266 0.0000037683 3.822951 4.335348 0.679235 -1.312642 -0.223453
6268 0.0000037312 3.822917 4.335392 0.679348 -1.312737 -0.223440
6288 0.0000037017 3.822493 4.335881 0.680583 -1.313662 -0.223347
6335 0.0000036710 3.822131 4.336293 0.681636 -1.314457 -0.223272
6343 0.0000036386 3.822288 4.336103 0.681168 -1.314104 -0.223309
6360 0.0000036252 3.822778 4.335531 0.679723 -1.313013 -0.223417
6383 0.0000035847 3.822196 4.336208 0.681430 -1.314304 -0.223289
6406 0.0000035805 3.822408 4.335961 0.680802 -1.313830 -0.223337
6417 0.0000035109 3.822174 4.336232 0.681488 -1.314356 -0.223285
6433 0.0000034723 3.821859 4.336592 0.682392 -1.315038 -0.223216
6444 0.0000033504 3.821890 4.336554 0.682279 -1.314964 -0.223223
6494 0.0000033375 3.821623 4.336856 0.683042 -1.315544 -0.223165
6497 0.0000033272 3.821564 4.336931 0.683231 -1.315684 -0.223153
6506 0.0000033165 3.820934 4.337640 0.685005 -1.317041 -0.223016
6514 0.0000032732 3.820670 4.337941 0.685755 -1.317617 -0.222956
6520 0.0000031691 3.820937 4.337641 0.684999 -1.317039 -0.223010
6529 0.0000030799 3.820942 4.337641 0.685002 -1.317035 -0.223004
6540 0.0000030032 3.819594 4.339174 0.688832 -1.319966 -0.222718
6546 0.0000029826 3.820465 4.338193 0.686380 -1.318086 -0.222894
6551 0.0000029821 3.820627 4.338005 0.685907 -1.317727 -0.222939
6554 0.0000029423 3.819570 4.339202 0.688905 -1.320018 -0.222710
6562 0.0000028119 3.819484 4.339306 0.689160 -1.320211 -0.222683
6612 0.0000027352 3.818602 4.340311 0.691666 -1.322130 -0.222493
6661 0.0000027109 3.818628 4.340287 0.691604 -1.322080 -0.222503
6677 0.0000026826 3.819016 4.339842 0.690493 -1.321233 -0.222584
6682 0.0000026664 3.818573 4.340349 0.691757 -1.322200 -0.222487
6707 0.0000026636 3.818736 4.340165 0.691300 -1.321847 -0.222523
6730 0.0000026161 3.818849 4.340039 0.690974 -1.321605 -0.222543
6754 0.0000026037 3.818796 4.340101 0.691132 -1.321723 -0.222532
6773 0.0000025970 3.818908 4.339974 0.690812 -1.321478 -0.222556
6774 0.0000025690 3.818998 4.339875 0.690556 -1.321287 -0.222581
6788 0.0000025612 3.818917 4.339970 0.690793 -1.321467 -0.222559
6796 0.0000025464 3.818841 4.340057 0.691008 -1.321631 -0.222548
6799 0.0000025246 3.818569 4.340367 0.691783 -1.322222 -0.222488
6826 0.0000025245 3.818328 4.340637 0.692457 -1.322741 -0.222434
6845 0.0000025099 3.818329 4.340645 0.692462 -1.322749 -0.222433
6901 0.0000025032 3.818426 4.340531 0.692182 -1.322534 -0.222457
6932 0.0000024975 3.818348 4.340621 0.692403 -1.322704 -0.222440
6950 0.0000024933 3.818424 4.340531 0.692181 -1.322535 -0.222456
6973 0.0000023861 3.818408 4.340549 0.692210 -1.322555 -0.222456
7018 0.0000023642 3.818320 4.340652 0.692470 -1.322753 -0.222435
7040 0.0000023408 3.818189 4.340801 0.692840 -1.323036 -0.222407
7044 0.0000023402 3.818374 4.340590 0.692314 -1.322632 -0.222444
7072 0.0000023315 3.818233 4.340751 0.692717 -1.322942 -0.222412
7106 0.0000023230 3.818277 4.340698 0.692582 -1.322839 -0.222426
7111 0.0000023214 3.818228 4.340757 0.692727 -1.322951 -0.222414
7120 0.0000023178 3.818297 4.340678 0.692529 -1.322796 -0.222429
7124 0.0000023022 3.818214 4.340771 0.692762 -1.322978 -0.222411
7138 0.0000022847 3.818159 4.340834 0.692912 -1.323093 -0.222400
7152 0.0000022809 3.818159 4.340835 0.692918 -1.323096 -0.222399
7164 0.0000022578 3.818022 4.340989 0.693296 -1.323390 -0.222371
7165 0.0000022449 3.818017 4.340997 0.693315 -1.323402 -0.222367
7169 0.0000022392 3.817970 4.341050 0.693448 -1.323502 -0.222358
7189 0.0000022356 3.817919 4.341106 0.693592 -1.323614 -0.222346
7191 0.0000022218 3.817937 4.341086 0.693536 -1.323573 -0.222350
7192 0.0000022177 3.817808 4.341228 0.693893 -1.323850 -0.222323
7194 0.0000022027 3.817862 4.341172 0.693749 -1.323734 -0.222333
7213 0.0000021792 3.817689 4.341369 0.694236 -1.324110 -0.222295
7221 0.0000021112 3.817515 4.341565 0.694716 -1.324481 -0.222258
7257 0.0000020775 3.817210 4.341912 0.695567 -1.325136 -0.222190
7276 0.0000020660 3.817148 4.341980 0.695739 -1.325269 -0.222178
7343 0.0000020487 3.816933 4.342227 0.696339 -1.325731 -0.222132
7347 0.0000020223 3.817058 4.342082 0.695983 -1.325458 -0.222158
7363 0.0000020051 3.816829 4.342342 0.696622 -1.325951 -0.222108
7384 0.0000020011 3.816897 4.342260 0.696424 -1.325803 -0.222123
7391 0.0000019875 3.816882 4.342276 0.696461 -1.325833 -0.222120
7395 0.0000019659 3.816718 4.342465 0.696919 -1.326180 -0.222084
7402 0.0000019609 3.816675 4.342510 0.697038 -1.326274 -0.222075
7404 0.0000019468 3.816773 4.342398 0.696760 -1.326062 -0.222096
7410 0.0000019346 3.816776 4.342394 0.696743 -1.326048 -0.222097
7423 0.0000019296 3.816585 4.342612 0.697284 -1.326466 -0.222056
7426 0.0000019125 3.816695 4.342485 0.696970 -1.326225 -0.222080
7436 0.0000018977 3.816296 4.342934 0.698069 -1.327076 -0.221993
7477 0.0000018895 3.816540 4.342661 0.697390 -1.326545 -0.222049
7478 0.0000018566 3.816241 4.342995 0.698205 -1.327179 -0.221982
7491 0.0000017915 3.816151 4.343095 0.698451 -1.327371 -0.221965
7535 0.0000017681 3.815919 4.343354 0.699082 -1.327862 -0.221914
7563 0.0000016966 3.815838 4.343444 0.699293 -1.328028 -0.221902
7595 0.0000016216 3.815535 4.343782 0.700112 -1.328665 -0.221838
7618 0.0000016053 3.815291 4.344055 0.700782 -1.329187 -0.221785
7623 0.0000015893 3.815638 4.343667 0.699836 -1.328457 -0.221861
7626 0.0000015836 3.815428 4.343900 0.700406 -1.328904 -0.221816
7628 0.0000015614 3.815092 4.344277 0.701317 -1.329605 -0.221744
7629 0.0000015262 3.815434 4.343895 0.700386 -1.328884 -0.221819
7643 0.0000014617 3.815118 4.344246 0.701230 -1.329550 -0.221755
7668 0.0000014206 3.814656 4.344756 0.702458 -1.330513 -0.221664
7705 0.0000013507 3.814507 4.344922 0.702863 -1.330823 -0.221630
7760 0.0000013497 3.814544 4.344879 0.702755 -1.330745 -0.221640
7773 0.0000013317 3.814593 4.344827 0.702630 -1.330640 -0.221646
7778 0.0000013224 3.814530 4.344898 0.702805 -1.330779 -0.221632
7781 0.0000013056 3.814424 4.345015 0.703073 -1.330990 -0.221613
7801 0.0000012745 3.814254 4.345201 0.703524 -1.331348 -0.221580
7811 0.0000012440 3.814238 4.345218 0.703563 -1.331381 -0.221576
7857 0.0000012072 3.814181 4.345283 0.703713 -1.331500 -0.221564
7886 0.0000011740 3.814103 4.345367 0.703919 -1.331663 -0.221547
7923 0.0000011634 3.814035 4.345442 0.704098 -1.331805 -0.221532
7928 0.0000011500 3.814038 4.345438 0.704088 -1.331798 -0.221532
7941 0.0000011467 3.813978 4.345505 0.704248 -1.331924 -0.221521
7988 0.0000011351 3.813967 4.345517 0.704275 -1.331945 -0.221519
8016 0.0000011302 3.813966 4.345520 0.704279 -1.331948 -0.221519
8021 0.0000011053 3.813874 4.345619 0.704516 -1.332135 -0.221500
8022 0.0000011011 3.813884 4.345608 0.704490 -1.332115 -0.221501
8045 0.0000010987 3.813884 4.345609 0.704491 -1.332117 -0.221501
8046 0.0000010921 3.813794 4.345704 0.704720 -1.332296 -0.221484
8063 0.0000010771 3.813804 4.345696 0.704697 -1.332279 -0.221485
8064 0.0000010585 3.813688 4.345820 0.704994 -1.332513 -0.221462
8067 0.0000010584 3.813716 4.345791 0.704924 -1.332458 -0.221468
8085 0.0000010359 3.813589 4.345928 0.705252 -1.332718 -0.221441
8115 0.0000010329 3.813627 4.345888 0.705153 -1.332642 -0.221449
8118 0.0000010087 3.813531 4.345994 0.705404 -1.332839 -0.221428
8139 0.0000010013 3.813434 4.346100 0.705655 -1.333038 -0.221409
8167 0.0000010010 3.813385 4.346156 0.705783 -1.333140 -0.221398
8180 0.0000009862 3.813419 4.346116 0.705691 -1.333067 -0.221407
8187 0.0000009800 3.813327 4.346217 0.705931 -1.333258 -0.221388
8207 0.0000009798 3.813432 4.346103 0.705657 -1.333041 -0.221410
8210 0.0000009747 3.813264 4.346287 0.706092 -1.333388 -0.221375
8235 0.0000009744 3.813222 4.346333 0.706202 -1.333476 -0.221366
8239 0.0000009680 3.813359 4.346182 0.705846 -1.333193 -0.221395
8250 0.0000009544 3.813281 4.346268 0.706048 -1.333354 -0.221379
8256 0.0000009518 3.813222 4.346331 0.706197 -1.333472 -0.221368
8311 0.0000009508 3.813183 4.346374 0.706298 -1.333553 -0.221361
8321 0.0000009493 3.813239 4.346314 0.706155 -1.333440 -0.221372
8329 0.0000009481 3.813216 4.346339 0.706212 -1.333486 -0.221367
8349 0.0000009478 3.813251 4.346301 0.706124 -1.333415 -0.221374
8384 0.0000009457 3.813225 4.346328 0.706188 -1.333466 -0.221369
8430 0.0000009438 3.813212 4.346343 0.706222 -1.333494 -0.221367
8431 0.0000009431 3.813202 4.346353 0.706246 -1.333513 -0.221365
8450 0.0000009420 3.813192 4.346364 0.706272 -1.333534 -0.221363
8471 0.0000009416 3.813170 4.346388 0.706327 -1.333579 -0.221359
8490 0.0000009412 3.813168 4.346391 0.706334 -1.333584 -0.221359
8492 0.0000009404 3.813219 4.346335 0.706204 -1.333479 -0.221367
8500 0.0000009401 3.813194 4.346362 0.706268 -1.333530 -0.221363
8511 0.0000009392 3.813179 4.346379 0.706309 -1.333561 -0.221360
8521 0.0000009388 3.813217 4.346337 0.706209 -1.333483 -0.221367
8524 0.0000009354 3.813181 4.346377 0.706302 -1.333557 -0.221361
8536 0.0000009263 3.813160 4.346399 0.706355 -1.333600 -0.221356
8543 0.0000009247 3.813183 4.346374 0.706296 -1.333552 -0.221360
8558 0.0000009236 3.813143 4.346417 0.706396 -1.333634 -0.221353
8559 0.0000009058 3.813204 4.346348 0.706235 -1.333504 -0.221365
8581 0.0000009038 3.813159 4.346398 0.706350 -1.333597 -0.221356
8612 0.0000009028 3.813176 4.346380 0.706307 -1.333562 -0.221360
8620 0.0000008997 3.813128 4.346432 0.706427 -1.333659 -0.221351
8635 0.0000008912 3.813132 4.346428 0.706421 -1.333653 -0.221350
8661 0.0000008834 3.813103 4.346458 0.706493 -1.333711 -0.221345
8699 0.0000008822 3.813071 4.346493 0.706576 -1.333777 -0.221339
8704 0.0000008805 3.813095 4.346466 0.706510 -1.333725 -0.221344
8728 0.0000008776 3.813098 4.346462 0.706502 -1.333718 -0.221344
8729 0.0000008765 3.813027 4.346541 0.706688 -1.333866 -0.221330
8740 0.0000008751 3.813050 4.346514 0.706627 -1.333816 -0.221335
8750 0.0000008605 3.812997 4.346574 0.706764 -1.333926 -0.221324
8789 0.0000008565 3.813016 4.346553 0.706715 -1.333888 -0.221327
8807 0.0000008536 3.813000 4.346570 0.706755 -1.333919 -0.221324
8813 0.0000008359 3.812895 4.346683 0.707021 -1.334132 -0.221303
8817 0.0000008308 3.812885 4.346694 0.707046 -1.334152 -0.221302
8863 0.0000008270 3.812811 4.346776 0.707235 -1.334304 -0.221288
8871 0.0000008244 3.812775 4.346814 0.707325 -1.334376 -0.221281
8887 0.0000008125 3.812752 4.346839 0.707382 -1.334422 -0.221276
8908 0.0000008115 3.812801 4.346785 0.707258 -1.334322 -0.221284
8914 0.0000008040 3.812724 4.346868 0.707452 -1.334477 -0.221270
8928 0.0000007934 3.812787 4.346800 0.707291 -1.334350 -0.221282
8958 0.0000007859 3.812745 4.346845 0.707397 -1.334435 -0.221275
8967 0.0000007736 3.812688 4.346907 0.707541 -1.334550 -0.221263
8982 0.0000007563 3.812555 4.347051 0.707873 -1.334819 -0.221238
9003 0.0000007529 3.812602 4.346998 0.707752 -1.334720 -0.221247
9014 0.0000007385 3.812397 4.347221 0.708267 -1.335136 -0.221208
9016 0.0000007346 3.812279 4.347347 0.708560 -1.335371 -0.221185
9026 0.0000007321 3.812371 4.347249 0.708332 -1.335189 -0.221201
9027 0.0000007310 3.812413 4.347202 0.708219 -1.335099 -0.221211
9030 0.0000007219 3.812523 4.347084 0.707951 -1.334881 -0.221230
9051 0.0000007187 3.812472 4.347138 0.708075 -1.334982 -0.221219
9062 0.0000006881 3.812319 4.347303 0.708458 -1.335291 -0.221189
9067 0.0000006744 3.812247 4.347380 0.708633 -1.335434 -0.221178
9072 0.0000006464 3.812134 4.347502 0.708914 -1.335661 -0.221154
9118 0.0000006441 3.812129 4.347506 0.708922 -1.335669 -0.221154
9126 0.0000006360 3.812025 4.347618 0.709178 -1.335877 -0.221133
9142 0.0000006337 3.812132 4.347502 0.708913 -1.335661 -0.221154
9156 0.0000006266 3.812056 4.347584 0.709101 -1.335814 -0.221139
9190 0.0000006224 3.811981 4.347664 0.709285 -1.335964 -0.221125
9199 0.0000006184 3.811979 4.347666 0.709292 -1.335968 -0.221125
9227 0.0000006033 3.811945 4.347702 0.709375 -1.336036 -0.221118
9249 0.0000005942 3.811932 4.347716 0.709404 -1.336060 -0.221115
9276 0.0000005867 3.811862 4.347790 0.709575 -1.336200 -0.221101
9335 0.0000005862 3.811878 4.347773 0.709534 -1.336167 -0.221105
9343 0.0000005828 3.811885 4.347766 0.709520 -1.336154 -0.221106
9347 0.0000005765 3.811924 4.347722 0.709421 -1.336074 -0.221113
9362 0.0000005759 3.811910 4.347737 0.709455 -1.336102 -0.221111
9379 0.0000005742 3.811935 4.347710 0.709395 -1.336052 -0.221115
9384 0.0000005691 3.811925 4.347720 0.709418 -1.336071 -0.221114
9394 0.0000005664 3.811922 4.347723 0.709424 -1.336076 -0.221113
9430 0.0000005659 3.811915 4.347731 0.709442 -1.336091 -0.221112
9433 0.0000005641 3.811873 4.347776 0.709545 -1.336175 -0.221104
9443 0.0000005620 3.811870 4.347778 0.709551 -1.336179 -0.221103
9477 0.0000005614 3.811791 4.347862 0.709743 -1.336336 -0.221087
9489 0.0000005611 3.811848 4.347801 0.709603 -1.336222 -0.221099
9515 0.0000005590 3.811753 4.347902 0.709835 -1.336412 -0.221080
9528 0.0000005583 3.811825 4.347826 0.709659 -1.336268 -0.221094
9540 0.0000005576 3.811776 4.347877 0.709778 -1.336365 -0.221085
9542 0.0000005555 3.811781 4.347872 0.709766 -1.336354 -0.221086
9567 0.0000005549 3.811798 4.347855 0.709727 -1.336323 -0.221089
9570 0.0000005542 3.811796 4.347856 0.709728 -1.336325 -0.221089
9572 0.0000005516 3.811728 4.347928 0.709895 -1.336460 -0.221075
9579 0.0000005504 3.811764 4.347890 0.709807 -1.336389 -0.221082
9589 0.0000005448 3.811837 4.347813 0.709630 -1.336244 -0.221099
9592 0.0000005346 3.811721 4.347936 0.709913 -1.336475 -0.221075
9622 0.0000005336 3.811599 4.348065 0.710206 -1.336716 -0.221053
9634 0.0000005317 3.811685 4.347974 0.709999 -1.336545 -0.221070
9641 0.0000005255 3.811737 4.347919 0.709874 -1.336443 -0.221079
9644 0.0000005245 3.811710 4.347947 0.709937 -1.336495 -0.221074
9654 0.0000005206 3.811645 4.348016 0.710095 -1.336624 -0.221061
9695 0.0000005172 3.811678 4.347981 0.710014 -1.336558 -0.221068
9731 0.0000005168 3.811689 4.347970 0.709988 -1.336537 -0.221070
9734 0.0000005118 3.811609 4.348054 0.710179 -1.336694 -0.221055
9739 0.0000005086 3.811673 4.347986 0.710024 -1.336567 -0.221067
9748 0.0000005075 3.811662 4.347998 0.710051 -1.336589 -0.221065
9756 0.0000005045 3.811619 4.348043 0.710155 -1.336675 -0.221057
9758 0.0000004986 3.811592 4.348072 0.710220 -1.336727 -0.221052
9761 0.0000004981 3.811571 4.348093 0.710269 -1.336768 -0.221048
9762 0.0000004934 3.811538 4.348129 0.710348 -1.336834 -0.221041
9824 0.0000004907 3.811548 4.348118 0.710324 -1.336813 -0.221043
9835 0.0000004895 3.811529 4.348138 0.710369 -1.336850 -0.221040
9841 0.0000004891 3.811463 4.348207 0.710526 -1.336979 -0.221027
9843 0.0000004880 3.811480 4.348189 0.710486 -1.336946 -0.221031
9849 0.0000004850 3.811502 4.348166 0.710433 -1.336903 -0.221034
9882 0.0000004838 3.811445 4.348226 0.710568 -1.337015 -0.221024
9887 0.0000004833 3.811477 4.348192 0.710493 -1.336953 -0.221030
9971 0.0000004819 3.811450 4.348220 0.710556 -1.337004 -0.221025
9991 0.0000004806 3.811472 4.348198 0.710504 -1.336962 -0.221029
9997 0.0000004795 3.811464 4.348206 0.710522 -1.336977 -0.221028
9999 0.0000004791 3.811439 4.348232 0.710582 -1.337026 -0.221023
10000 0.0000022585 3.811454 4.348192 0.710548 -1.336998 -0.221025
