evaluations raw_y x0 x1 x2 x3 x4
1 14.3761054080 0.060893 -3.386531 -3.154655 -0.731630 -4.470370
2 4.6991734749 -4.973345 -1.504819 1.211096 -1.545932 -4.779046
44 3.7813265598 -3.535807 4.699392 -0.809145 3.172760 -4.422440
70 2.7594344660 -4.038262 2.868938 2.971326 -3.331769 -5.000000
101 1.3144459291 -4.251595 5.000000 1.156448 0.929066 -5.000000
166 1.2671930401 -3.905179 4.255075 0.821405 1.068569 -5.000000
219 1.1521553042 -4.066351 3.286878 1.272660 -0.982539 -4.363584
221 0.9500430236 -4.190120 3.476291 1.058352 -0.449547 -4.363584
270 0.7703002037 -4.335722 4.724524 0.880363 -0.535249 -3.608084
277 0.7063961972 -4.236313 4.662044 1.498452 -0.535249 -3.989834
278 0.6990641954 -3.779950 4.069781 1.522591 -0.206665 -3.795158
287 0.2139126856 -2.925192 4.129611 1.507783 -0.550506 -5.000000
437 0.2078021570 -3.476629 4.309086 1.392042 -0.432300 -4.898771
440 0.1985397666 -3.206358 4.176507 1.416794 -0.556595 -5.000000
443 0.1759079653 -3.206358 4.543496 1.416794 -0.580979 -4.825173
493 0.0936729634 -3.302368 4.391856 1.380349 -0.555015 -4.885040
574 0.0796356771 -3.207047 4.313731 1.368036 -0.519840 -4.923737
613 0.0528038908 -3.039908 4.299889 1.268715 -0.539318 -5.000000
656 0.0499262739 -3.058854 4.295104 1.265707 -0.518868 -4.999865
711 0.0455717330 -3.107311 4.319407 1.312602 -0.519126 -4.944546
712 0.0395069185 -3.107045 4.325599 1.248985 -0.541968 -4.989380
713 0.0346594218 -3.059577 4.295385 1.292344 -0.535044 -4.932694
718 0.0306182090 -3.153858 4.295167 1.265707 -0.518868 -4.946757
766 0.0142957684 -3.147749 4.331739 1.274872 -0.576459 -4.857354
920 0.0092408529 -3.138672 4.332465 1.262874 -0.585629 -4.856449
1035 0.0075825654 -3.132919 4.313286 1.262706 -0.564824 -4.878861
1090 0.0068806522 -3.150818 4.322644 1.244375 -0.581658 -4.857718
1133 0.0031181816 -3.138700 4.318817 1.252511 -0.576634 -4.859862
1315 0.0029832367 -3.149949 4.325439 1.253883 -0.575103 -4.869880
1338 0.0021143192 -3.149498 4.323684 1.253640 -0.572360 -4.874140
1462 0.0015819288 -3.142366 4.321677 1.259345 -0.572534 -4.868834
1630 0.0013165406 -3.144799 4.319400 1.256478 -0.571696 -4.867410
1639 0.0012929134 -3.142983 4.319670 1.256560 -0.572601 -4.866150
1641 0.0006070621 -3.145385 4.322377 1.258100 -0.575382 -4.863114
1904 0.0005763843 -3.145446 4.320807 1.256188 -0.573844 -4.864943
1969 0.0005337386 -3.145446 4.320429 1.256046 -0.573481 -4.865313
1984 0.0004306756 -3.143157 4.319772 1.257681 -0.574132 -4.862302
2030 0.0002958042 -3.143618 4.320066 1.256485 -0.574678 -4.862156
2160 0.0002134719 -3.144111 4.320482 1.256783 -0.574115 -4.863923
2309 0.0001876695 -3.144457 4.320565 1.256569 -0.574250 -4.863760
2433 0.0001476547 -3.144267 4.320543 1.256836 -0.574361 -4.863353
2538 0.0001277105 -3.144523 4.320695 1.256544 -0.574001 -4.864620
2574 0.0000993817 -3.144131 4.320547 1.256262 -0.574191 -4.864201
2664 0.0000758887 -3.144579 4.320784 1.256229 -0.574236 -4.864404
2748 0.0000725823 -3.144127 4.320500 1.256322 -0.573978 -4.864599
2835 0.0000587163 -3.144568 4.320660 1.256352 -0.574192 -4.864197
2837 0.0000531182 -3.144231 4.320456 1.256362 -0.574149 -4.864035
2875 0.0000514230 -3.144376 4.320642 1.256352 -0.574022 -4.864651
2905 0.0000260285 -3.144283 4.320530 1.256287 -0.574102 -4.864320
3163 0.0000255984 -3.144356 4.320539 1.256304 -0.574100 -4.864300
3192 0.0000208716 -3.144433 4.320621 1.256296 -0.574188 -4.864218
3200 0.0000182919 -3.144517 4.320606 1.256231 -0.574236 -4.864084
3234 0.0000182376 -3.144330 4.320481 1.256222 -0.574198 -4.864016
3280 0.0000166213 -3.144419 4.320540 1.256232 -0.574255 -4.863948
3293 0.0000141143 -3.144441 4.320626 1.256291 -0.574183 -4.864241
3353 0.0000138311 -3.144392 4.320567 1.256273 -0.574170 -4.864189
3391 0.0000075511 -3.144308 4.320527 1.256312 -0.574153 -4.864163
3515 0.0000071097 -3.144361 4.320520 1.256272 -0.574166 -4.864125
3548 0.0000058190 -3.144285 4.320500 1.256301 -0.574152 -4.864130
3682 0.0000035529 -3.144321 4.320510 1.256280 -0.574172 -4.864101
3721 0.0000015735 -3.144354 4.320530 1.256268 -0.574178 -4.864117
3998 0.0000014328 -3.144347 4.320519 1.256256 -0.574171 -4.864125
4004 0.0000013567 -3.144335 4.320519 1.256272 -0.574172 -4.864116
4123 0.0000012973 -3.144332 4.320512 1.256262 -0.574165 -4.864127
4151 0.0000009463 -3.144346 4.320522 1.256268 -0.574177 -4.864110
4181 0.0000008672 -3.144337 4.320518 1.256269 -0.574168 -4.864127
4208 0.0000004697 -3.144341 4.320520 1.256267 -0.574170 -4.864125
4347 0.0000004291 -3.144341 4.320520 1.256268 -0.574172 -4.864120
4380 0.0000002970 -3.144339 4.320519 1.256269 -0.574170 -4.864122
4418 0.0000002397 -3.144342 4.320521 1.256269 -0.574172 -4.864120
4583 0.0000002012 -3.144343 4.320522 1.256268 -0.574172 -4.864122
4585 0.0000001297 -3.144344 4.320522 1.256269 -0.574173 -4.864120
4660 0.0000001182 -3.144342 4.320521 1.256269 -0.574172 -4.864121
4764 0.0000000986 -3.144341 4.320520 1.256269 -0.574172 -4.864119
4790 0.0000000493 -3.144342 4.320521 1.256269 -0.574172 -4.864120
4921 0.0000000480 -3.144343 4.320521 1.256269 -0.574172 -4.864120
4945 0.0000000373 -3.144342 4.320521 1.256269 -0.574172 -4.864120
4952 0.0000000245 -3.144343 4.320521 1.256269 -0.574172 -4.864121
5083 0.0000000214 -3.144342 4.320521 1.256269 -0.574172 -4.864120
5130 0.0000000208 -3.144342 4.320521 1.256269 -0.574172 -4.864120
5170 0.0000000187 -3.144342 4.320521 1.256269 -0.574172 -4.864120
5217 0.0000000162 -3.144342 4.320521 1.256269 -0.574172 -4.864120
5220 0.0000000085 -3.144342 4.320521 1.256269 -0.574172 -4.864120
5308 0.0000000049 -3.144342 4.320521 1.256269 -0.574172 -4.864120
5545 0.0000000043 -3.144342 4.320521 1.256269 -0.574172 -4.864120
5682 0.0000000039 -3.144342 4.320521 1.256269 -0.574172 -4.864120
5768 0.0000000035 -3.144342 4.320521 1.256269 -0.574172 -4.864120
5783 0.0000000033 -3.144342 4.320521 1.256269 -0.574172 -4.864120
5838 0.0000000030 -3.144342 4.320521 1.256269 -0.574172 -4.864120
5906 0.0000000028 -3.144342 4.320521 1.256269 -0.574172 -4.864120
5916 0.0000000027 -3.144342 4.320521 1.256269 -0.574172 -4.864120
5967 0.0000000023 -3.144342 4.320521 1.256269 -0.574172 -4.864120
6110 0.0000000021 -3.144342 4.320521 1.256269 -0.574172 -4.864120
6125 0.0000000019 -3.144342 4.320521 1.256269 -0.574172 -4.864120
6177 0.0000000017 -3.144342 4.320521 1.256269 -0.574172 -4.864120
6228 0.0000000016 -3.144342 4.320521 1.256269 -0.574172 -4.864120
6245 0.0000000014 -3.144342 4.320521 1.256269 -0.574172 -4.864120
6248 0.0000000013 -3.144342 4.320521 1.256269 -0.574172 -4.864120
6346 0.0000000012 -3.144342 4.320521 1.256269 -0.574172 -4.864120
6375 0.0000000010 -3.144342 4.320521 1.256269 -0.574172 -4.864120
6394 0.0000000008 -3.144342 4.320521 1.256269 -0.574172 -4.864120
6476 0.0000000007 -3.144342 4.320521 1.256269 -0.574172 -4.864120
6563 0.0000000005 -3.144342 4.320521 1.256269 -0.574172 -4.864120
6687 0.0000000003 -3.144342 4.320521 1.256269 -0.574172 -4.864120
6893 0.0000000002 -3.144342 4.320521 1.256269 -0.574172 -4.864120
7028 0.0000000001 -3.144342 4.320521 1.256269 -0.574172 -4.864120
10000 0.0000000000 -3.144342 4.320521 1.256269 -0.574172 -4.864120
