evaluations raw_y x0 x1 x2 x3 x4
1 2.3841294666 -4.981074 -0.968974 1.542255 -4.017110 0.654228
4 1.7192397881 3.360528 3.162856 1.031085 -2.064429 4.352142
7 0.5528827705 0.936470 -1.953800 -2.099723 -4.303100 3.344089
26 0.5290382510 1.528468 -1.551902 -5.000000 0.677275 3.005278
31 0.4929310580 -2.525289 -5.000000 -0.698678 -2.898134 5.000000
51 0.2214428257 1.602560 -5.000000 -5.000000 -3.790429 5.000000
60 0.0677908925 -0.011026 -5.000000 -3.201450 -2.139065 5.000000
63 0.0000000001 -3.159929 -4.053174 -4.368389 0.715569 3.796551
10000 0.0000000000 -0.444865 -3.285710 -2.430427 -3.918925 3.107502
