evaluations raw_y x0 x1 x2 x3 x4
1 4.9972820597 3.150087 0.145801 1.912367 3.369977 -1.769163
2 4.5091332674 2.283798 -0.636046 3.235294 1.003564 4.717068
17 3.1521004571 3.236332 1.578670 -2.577258 -2.038080 1.881641
23 2.4856868315 3.149059 0.934737 1.633070 1.132410 2.397228
63 2.3853425933 2.146691 2.500806 -0.544988 0.726969 4.232279
85 2.1986467791 2.853699 2.410388 -0.699020 2.551892 3.706100
88 2.1930252214 -0.685191 3.375489 -1.912581 0.726969 4.130868
91 2.1174481541 -2.049432 5.000000 -0.134738 2.241116 2.384185
117 1.6410271253 2.495652 3.626444 -4.855144 1.102346 1.881641
119 1.5933012992 3.425106 1.346939 -2.182433 2.152769 1.780074
140 1.0642558462 1.344076 0.548783 -0.758435 0.960358 2.723470
144 0.7686388222 0.121686 5.000000 -2.182433 2.152769 1.780074
145 0.6766496848 -0.356901 2.134899 -1.248803 1.128933 2.146394
173 0.4916957576 2.085275 1.313930 -0.585508 1.098219 1.512835
247 0.1153685271 1.719016 5.000000 -1.286715 1.346945 1.545281
322 0.0259509994 1.768496 4.299955 -1.409542 1.346945 1.545281
622 0.0222619626 1.723382 4.299955 -1.409542 1.319252 1.545281
668 0.0192327753 1.727063 4.398400 -1.461785 1.245224 1.637089
757 0.0172983082 1.672393 4.372933 -1.373071 1.222742 1.673202
762 0.0158236033 1.682752 4.344110 -1.289268 1.167732 1.622332
773 0.0121946676 1.747855 4.138182 -1.367883 1.234004 1.579106
862 0.0077209727 1.691934 4.173104 -1.305358 1.167732 1.576012
924 0.0064606786 1.693332 4.139074 -1.313398 1.164538 1.557207
947 0.0050697036 1.696164 4.100288 -1.277525 1.162711 1.511272
972 0.0034374467 1.694651 4.125356 -1.304628 1.184357 1.527143
1047 0.0027761397 1.694651 4.125356 -1.294351 1.171249 1.527143
1074 0.0016603420 1.690181 4.113872 -1.295073 1.169172 1.520454
1159 0.0015121773 1.687205 4.095681 -1.292655 1.169076 1.512137
1234 0.0012905855 1.693872 4.095681 -1.285545 1.169076 1.512137
1267 0.0012741562 1.695529 4.089309 -1.293857 1.170433 1.512514
1271 0.0011099301 1.692687 4.128005 -1.305437 1.167473 1.522416
1287 0.0010943102 1.693200 4.102622 -1.290676 1.166044 1.514849
1351 0.0010154009 1.693074 4.101188 -1.290396 1.165023 1.514160
1384 0.0009475231 1.693872 4.095681 -1.289103 1.167453 1.512137
1394 0.0007775693 1.692093 4.102515 -1.294111 1.167000 1.513155
1430 0.0006149801 1.693299 4.078018 -1.286741 1.168590 1.507337
1479 0.0005187012 1.693502 4.081064 -1.284318 1.167527 1.504042
1513 0.0004422213 1.693603 4.083410 -1.286979 1.165473 1.504927
1554 0.0003961500 1.693667 4.081064 -1.284318 1.165417 1.504042
1609 0.0003942414 1.694750 4.079546 -1.283618 1.166577 1.504031
1627 0.0003412879 1.694863 4.075954 -1.283255 1.164555 1.504296
1670 0.0003278495 1.693748 4.079675 -1.282339 1.164667 1.504213
1676 0.0002542202 1.693660 4.078590 -1.282558 1.164853 1.503868
1688 0.0002452827 1.693624 4.079243 -1.283967 1.164195 1.504927
1705 0.0002330539 1.694565 4.078439 -1.283726 1.165484 1.505045
1706 0.0002127541 1.694462 4.078067 -1.283937 1.165561 1.504036
1751 0.0001662115 1.693660 4.077449 -1.282398 1.165235 1.504763
1752 0.0001507902 1.694863 4.076146 -1.283255 1.165319 1.504007
1763 0.0001097131 1.693624 4.076895 -1.283408 1.165027 1.504020
1777 0.0000996138 1.693754 4.076286 -1.283255 1.165319 1.504007
1794 0.0000964380 1.694513 4.075691 -1.282211 1.164697 1.503549
1906 0.0000961698 1.694462 4.075778 -1.282449 1.164972 1.503742
1927 0.0000721818 1.693754 4.076286 -1.282981 1.165026 1.504007
1931 0.0000552434 1.694076 4.075573 -1.282449 1.164917 1.503724
1981 0.0000487053 1.694065 4.075242 -1.282277 1.165037 1.503714
1994 0.0000272041 1.693975 4.075007 -1.282211 1.164905 1.503338
2194 0.0000271054 1.693978 4.075007 -1.282207 1.164905 1.503343
2210 0.0000219997 1.693954 4.075055 -1.282292 1.164896 1.503536
2256 0.0000138991 1.693929 4.074857 -1.282277 1.164960 1.503467
2331 0.0000135364 1.693903 4.074857 -1.282277 1.164964 1.503464
2349 0.0000085840 1.693949 4.074736 -1.282274 1.164925 1.503408
2422 0.0000077228 1.693917 4.074742 -1.282217 1.164915 1.503426
2474 0.0000064572 1.693934 4.074736 -1.282270 1.164934 1.503360
2489 0.0000047625 1.693925 4.074735 -1.282212 1.164916 1.503381
2518 0.0000046090 1.693929 4.074717 -1.282256 1.164915 1.503369
2568 0.0000040274 1.693929 4.074717 -1.282242 1.164915 1.503372
2571 0.0000037162 1.693924 4.074681 -1.282231 1.164916 1.503372
2621 0.0000037146 1.693923 4.074700 -1.282231 1.164915 1.503376
2672 0.0000033931 1.693913 4.074732 -1.282220 1.164908 1.503368
2692 0.0000031693 1.693920 4.074691 -1.282226 1.164918 1.503362
2701 0.0000027351 1.693923 4.074717 -1.282221 1.164903 1.503359
2726 0.0000027031 1.693923 4.074717 -1.282229 1.164903 1.503358
2735 0.0000020529 1.693926 4.074703 -1.282220 1.164899 1.503359
2781 0.0000019785 1.693918 4.074711 -1.282221 1.164900 1.503359
2789 0.0000019763 1.693919 4.074710 -1.282223 1.164901 1.503360
2790 0.0000015653 1.693920 4.074696 -1.282208 1.164898 1.503352
2854 0.0000014555 1.693920 4.074706 -1.282217 1.164892 1.503359
2885 0.0000013964 1.693919 4.074704 -1.282212 1.164893 1.503363
2888 0.0000009454 1.693916 4.074691 -1.282202 1.164892 1.503352
2905 0.0000008325 1.693915 4.074696 -1.282204 1.164891 1.503359
2919 0.0000006883 1.693918 4.074685 -1.282209 1.164893 1.503354
2940 0.0000006320 1.693919 4.074686 -1.282206 1.164890 1.503353
2946 0.0000004471 1.693919 4.074680 -1.282205 1.164892 1.503352
2988 0.0000003885 1.693916 4.074685 -1.282205 1.164892 1.503353
3014 0.0000003552 1.693917 4.074686 -1.282204 1.164891 1.503355
3040 0.0000002959 1.693915 4.074682 -1.282202 1.164892 1.503353
3109 0.0000002857 1.693916 4.074683 -1.282201 1.164891 1.503353
3115 0.0000002298 1.693915 4.074681 -1.282201 1.164891 1.503352
3118 0.0000002049 1.693915 4.074680 -1.282200 1.164891 1.503353
3145 0.0000001794 1.693916 4.074679 -1.282200 1.164891 1.503351
3240 0.0000001508 1.693916 4.074679 -1.282201 1.164891 1.503352
3295 0.0000001341 1.693917 4.074677 -1.282201 1.164891 1.503351
3313 0.0000001247 1.693916 4.074680 -1.282202 1.164891 1.503352
3386 0.0000001172 1.693916 4.074680 -1.282202 1.164891 1.503352
3393 0.0000000832 1.693916 4.074678 -1.282200 1.164891 1.503352
3418 0.0000000383 1.693916 4.074677 -1.282200 1.164891 1.503352
3595 0.0000000243 1.693916 4.074677 -1.282200 1.164891 1.503351
3669 0.0000000227 1.693916 4.074677 -1.282200 1.164891 1.503351
3670 0.0000000191 1.693916 4.074677 -1.282200 1.164891 1.503351
3715 0.0000000170 1.693916 4.074677 -1.282200 1.164891 1.503351
3720 0.0000000166 1.693916 4.074677 -1.282200 1.164891 1.503351
3738 0.0000000161 1.693916 4.074677 -1.282200 1.164891 1.503351
3766 0.0000000153 1.693916 4.074677 -1.282200 1.164891 1.503351
3788 0.0000000144 1.693916 4.074677 -1.282200 1.164891 1.503351
3813 0.0000000119 1.693916 4.074677 -1.282200 1.164891 1.503351
3866 0.0000000100 1.693916 4.074677 -1.282200 1.164891 1.503351
3904 0.0000000052 1.693916 4.074677 -1.282200 1.164891 1.503351
4096 0.0000000050 1.693916 4.074677 -1.282200 1.164891 1.503351
4143 0.0000000048 1.693916 4.074677 -1.282200 1.164891 1.503351
4201 0.0000000047 1.693916 4.074677 -1.282200 1.164891 1.503351
4216 0.0000000043 1.693916 4.074677 -1.282200 1.164891 1.503351
4240 0.0000000042 1.693916 4.074677 -1.282200 1.164891 1.503351
4245 0.0000000039 1.693916 4.074677 -1.282200 1.164891 1.503351
4252 0.0000000035 1.693916 4.074677 -1.282200 1.164891 1.503351
4277 0.0000000029 1.693916 4.074677 -1.282200 1.164891 1.503351
4377 0.0000000027 1.693916 4.074677 -1.282200 1.164891 1.503351
4394 0.0000000020 1.693916 4.074677 -1.282200 1.164891 1.503351
4503 0.0000000019 1.693916 4.074677 -1.282200 1.164891 1.503351
4528 0.0000000016 1.693916 4.074677 -1.282200 1.164891 1.503351
4622 0.0000000011 1.693916 4.074677 -1.282200 1.164891 1.503351
4823 0.0000000008 1.693916 4.074677 -1.282200 1.164891 1.503351
4923 0.0000000006 1.693916 4.074677 -1.282200 1.164891 1.503351
5036 0.0000000005 1.693916 4.074677 -1.282200 1.164891 1.503351
5294 0.0000000004 1.693916 4.074677 -1.282200 1.164891 1.503351
5686 0.0000000002 1.693916 4.074677 -1.282200 1.164891 1.503351
6324 0.0000000001 1.693916 4.074677 -1.282200 1.164891 1.503351
10000 0.0000000005 1.693916 4.074677 -1.282200 1.164891 1.503351
