evaluations raw_y x0 x1 x2 x3 x4
1 3.7936364275 -2.543318 1.218662 -0.250764 -4.031015 -4.631632
21 3.4460776109 -2.543318 1.218662 -0.250764 -3.131348 -5.000000
32 3.2612586736 -1.503639 2.510596 0.714547 -1.020862 -0.667373
52 2.1817047812 -1.503639 3.352817 0.714547 -1.020862 -1.634714
92 2.0347188327 -2.758373 3.352817 0.786618 -1.020862 -1.634714
116 1.9046355896 -2.987327 3.936058 0.639236 -2.267377 -3.158884
121 1.8832524967 -3.053188 3.853599 -0.037135 -2.240692 -3.787752
127 0.9430967109 -4.408779 4.210709 0.660077 0.278039 -4.865427
146 0.6691291076 -2.738857 4.101187 1.603792 0.309118 -5.000000
166 0.4471348536 -2.738857 4.101187 1.239024 -1.075052 -4.603324
178 0.3724143459 -3.351098 4.135851 1.149420 -0.210807 -4.401133
278 0.2302910869 -2.663375 4.342452 1.279706 -0.600996 -4.805927
335 0.1695121976 -3.002096 4.462371 1.531789 -0.616017 -4.757583
354 0.1608536975 -3.005396 4.489262 1.262537 -0.731066 -4.843194
364 0.1245913806 -2.904265 4.266508 1.387787 -0.658151 -4.703300
406 0.1198371878 -2.963981 4.211783 1.365622 -0.614347 -4.762642
469 0.0811275035 -3.261798 4.421572 1.220692 -0.705018 -4.786152
482 0.0739078273 -3.154180 4.273613 1.221081 -0.561475 -4.662925
494 0.0635082608 -3.162520 4.336347 1.262537 -0.658171 -4.772228
509 0.0536019728 -3.160329 4.421572 1.302560 -0.617035 -4.898198
530 0.0515989956 -3.008878 4.312390 1.282181 -0.579845 -4.882102
554 0.0447889809 -3.162520 4.319374 1.276455 -0.602678 -4.850073
609 0.0377253167 -3.184743 4.375242 1.339818 -0.575277 -4.881437
650 0.0219250681 -3.080937 4.305534 1.275222 -0.565453 -4.882102
687 0.0165133790 -3.105778 4.304921 1.279390 -0.572740 -4.829744
758 0.0099544272 -3.148735 4.309934 1.256798 -0.577242 -4.839540
873 0.0065159946 -3.154280 4.329272 1.253861 -0.570838 -4.888956
922 0.0043048826 -3.136057 4.309807 1.256216 -0.574479 -4.845874
963 0.0028582772 -3.148055 4.320815 1.252541 -0.576683 -4.860583
964 0.0019574327 -3.141531 4.318640 1.256542 -0.575027 -4.860129
1079 0.0016512699 -3.144752 4.320817 1.255217 -0.576580 -4.860017
1161 0.0015636585 -3.149750 4.320806 1.251667 -0.575823 -4.861492
1190 0.0014566272 -3.149549 4.321129 1.251728 -0.575870 -4.862029
1196 0.0013483657 -3.140924 4.320114 1.256150 -0.575544 -4.861351
1233 0.0007484851 -3.144254 4.320147 1.253906 -0.573765 -4.865956
1287 0.0006130820 -3.143509 4.319153 1.255466 -0.574833 -4.860690
1374 0.0004584957 -3.143085 4.319797 1.255559 -0.574125 -4.863781
1426 0.0004564576 -3.142792 4.320033 1.256026 -0.573892 -4.864612
1454 0.0003498668 -3.141864 4.319463 1.257082 -0.573467 -4.864225
1504 0.0002198379 -3.144232 4.319879 1.255114 -0.574161 -4.863723
1627 0.0001504490 -3.142811 4.319496 1.256173 -0.573568 -4.864277
1758 0.0001374994 -3.142935 4.319575 1.256359 -0.573735 -4.863854
1796 0.0001331334 -3.143314 4.319686 1.255998 -0.573933 -4.863675
1800 0.0001249472 -3.143155 4.319483 1.255847 -0.573821 -4.863719
1824 0.0001123138 -3.143492 4.319788 1.255857 -0.573849 -4.864102
1850 0.0000780808 -3.143510 4.319783 1.255762 -0.573717 -4.864467
1906 0.0000740526 -3.143352 4.319738 1.256137 -0.573897 -4.863756
1941 0.0000732344 -3.143622 4.319709 1.255595 -0.573819 -4.864145
1943 0.0000620509 -3.143504 4.319722 1.255731 -0.573757 -4.864276
2043 0.0000605422 -3.143442 4.319773 1.255929 -0.573763 -4.864253
2067 0.0000579044 -3.143479 4.319731 1.255905 -0.573850 -4.863961
2078 0.0000575447 -3.143463 4.319721 1.255846 -0.573770 -4.864181
2087 0.0000548861 -3.143520 4.319742 1.255814 -0.573807 -4.864131
2108 0.0000487041 -3.143670 4.319821 1.255779 -0.573852 -4.864140
2122 0.0000420472 -3.143769 4.319948 1.255954 -0.573958 -4.863971
2146 0.0000391940 -3.143802 4.319985 1.255973 -0.573963 -4.864004
2161 0.0000374731 -3.143743 4.319953 1.255959 -0.573936 -4.864040
2169 0.0000346216 -3.143662 4.320010 1.256259 -0.573968 -4.863904
2184 0.0000342061 -3.143718 4.320071 1.256270 -0.573993 -4.863932
2190 0.0000280054 -3.143800 4.320127 1.256282 -0.573997 -4.863990
2198 0.0000277157 -3.143840 4.320155 1.256286 -0.574028 -4.863949
2213 0.0000271945 -3.143824 4.320211 1.256446 -0.574051 -4.863902
2218 0.0000215793 -3.143793 4.320144 1.256309 -0.573993 -4.864017
2219 0.0000202303 -3.143817 4.320194 1.256401 -0.574033 -4.863945
2245 0.0000174952 -3.143862 4.320200 1.256342 -0.574035 -4.863975
2317 0.0000145520 -3.143910 4.320270 1.256403 -0.574050 -4.864015
2374 0.0000144400 -3.143891 4.320317 1.256558 -0.574084 -4.863927
2375 0.0000128283 -3.143938 4.320382 1.256626 -0.574108 -4.863929
2381 0.0000126660 -3.143946 4.320384 1.256612 -0.574104 -4.863949
2461 0.0000125684 -3.143949 4.320390 1.256618 -0.574105 -4.863951
2477 0.0000117007 -3.143955 4.320383 1.256599 -0.574107 -4.863946
2499 0.0000115424 -3.143967 4.320359 1.256517 -0.574089 -4.863993
2518 0.0000113193 -3.143966 4.320373 1.256561 -0.574105 -4.863952
2546 0.0000110385 -3.143974 4.320355 1.256498 -0.574088 -4.863997
2622 0.0000109112 -3.143988 4.320363 1.256490 -0.574090 -4.864008
2661 0.0000105355 -3.143985 4.320384 1.256548 -0.574104 -4.863976
2672 0.0000105134 -3.144013 4.320381 1.256491 -0.574097 -4.864015
2694 0.0000103700 -3.143989 4.320449 1.256706 -0.574145 -4.863896
2701 0.0000099130 -3.143996 4.320410 1.256595 -0.574120 -4.863952
2746 0.0000098070 -3.143998 4.320425 1.256629 -0.574130 -4.863934
2756 0.0000091980 -3.144015 4.320512 1.256820 -0.574183 -4.863839
2774 0.0000078748 -3.144040 4.320497 1.256732 -0.574166 -4.863898
2826 0.0000074436 -3.144035 4.320502 1.256756 -0.574173 -4.863879
2839 0.0000073518 -3.144044 4.320514 1.256768 -0.574177 -4.863880
2867 0.0000072112 -3.144052 4.320543 1.256828 -0.574195 -4.863850
2886 0.0000071448 -3.144048 4.320534 1.256811 -0.574190 -4.863857
2895 0.0000071137 -3.144045 4.320528 1.256801 -0.574186 -4.863861
2933 0.0000070411 -3.144051 4.320519 1.256768 -0.574179 -4.863882
2953 0.0000069635 -3.144057 4.320538 1.256803 -0.574190 -4.863867
2998 0.0000069373 -3.144058 4.320537 1.256799 -0.574189 -4.863869
3021 0.0000069289 -3.144059 4.320539 1.256800 -0.574190 -4.863869
3073 0.0000069095 -3.144059 4.320537 1.256797 -0.574189 -4.863870
3081 0.0000069050 -3.144061 4.320539 1.256798 -0.574190 -4.863870
3118 0.0000068947 -3.144061 4.320543 1.256808 -0.574192 -4.863865
3147 0.0000068943 -3.144062 4.320541 1.256802 -0.574191 -4.863869
3153 0.0000068848 -3.144061 4.320541 1.256805 -0.574192 -4.863866
3163 0.0000068652 -3.144063 4.320542 1.256804 -0.574192 -4.863867
3205 0.0000068521 -3.144065 4.320541 1.256796 -0.574191 -4.863872
3214 0.0000068475 -3.144064 4.320542 1.256799 -0.574191 -4.863870
3234 0.0000068464 -3.144062 4.320541 1.256801 -0.574191 -4.863869
3235 0.0000068337 -3.144062 4.320537 1.256791 -0.574189 -4.863873
3254 0.0000068275 -3.144062 4.320540 1.256800 -0.574191 -4.863868
3270 0.0000068258 -3.144065 4.320541 1.256796 -0.574191 -4.863872
3287 0.0000068167 -3.144062 4.320539 1.256797 -0.574190 -4.863870
3291 0.0000068076 -3.144063 4.320540 1.256797 -0.574191 -4.863870
3339 0.0000067947 -3.144064 4.320540 1.256797 -0.574191 -4.863870
3341 0.0000067907 -3.144063 4.320540 1.256797 -0.574191 -4.863870
3361 0.0000067828 -3.144064 4.320542 1.256800 -0.574192 -4.863868
3383 0.0000067789 -3.144064 4.320541 1.256799 -0.574191 -4.863868
3384 0.0000067737 -3.144065 4.320543 1.256801 -0.574192 -4.863868
3414 0.0000067610 -3.144066 4.320546 1.256808 -0.574194 -4.863864
3440 0.0000067602 -3.144065 4.320543 1.256801 -0.574192 -4.863867
3441 0.0000067550 -3.144066 4.320544 1.256803 -0.574193 -4.863866
3443 0.0000067503 -3.144067 4.320544 1.256802 -0.574193 -4.863867
3453 0.0000067408 -3.144068 4.320547 1.256806 -0.574194 -4.863866
3461 0.0000067341 -3.144069 4.320547 1.256805 -0.574195 -4.863867
3484 0.0000067293 -3.144070 4.320549 1.256808 -0.574195 -4.863866
3499 0.0000067179 -3.144071 4.320549 1.256806 -0.574195 -4.863867
3521 0.0000067121 -3.144071 4.320549 1.256806 -0.574195 -4.863867
3548 0.0000067100 -3.144072 4.320550 1.256808 -0.574196 -4.863865
3549 0.0000067015 -3.144072 4.320549 1.256806 -0.574196 -4.863867
3558 0.0000066939 -3.144074 4.320551 1.256805 -0.574196 -4.863868
3570 0.0000066882 -3.144073 4.320550 1.256806 -0.574196 -4.863867
3575 0.0000066792 -3.144077 4.320553 1.256805 -0.574197 -4.863869
3583 0.0000066741 -3.144074 4.320552 1.256808 -0.574197 -4.863866
3607 0.0000066732 -3.144076 4.320554 1.256808 -0.574198 -4.863866
3614 0.0000066706 -3.144075 4.320552 1.256806 -0.574197 -4.863867
3619 0.0000066649 -3.144077 4.320554 1.256808 -0.574198 -4.863866
3627 0.0000066648 -3.144076 4.320552 1.256807 -0.574197 -4.863867
3639 0.0000066638 -3.144075 4.320553 1.256808 -0.574197 -4.863866
3641 0.0000066595 -3.144081 4.320557 1.256807 -0.574199 -4.863869
3643 0.0000066553 -3.144077 4.320555 1.256809 -0.574198 -4.863866
3646 0.0000066544 -3.144077 4.320554 1.256808 -0.574198 -4.863867
3676 0.0000066543 -3.144081 4.320558 1.256810 -0.574200 -4.863866
3686 0.0000066539 -3.144077 4.320554 1.256809 -0.574198 -4.863865
3691 0.0000066421 -3.144080 4.320557 1.256810 -0.574199 -4.863866
3725 0.0000066413 -3.144078 4.320555 1.256807 -0.574198 -4.863867
3726 0.0000066370 -3.144078 4.320554 1.256807 -0.574198 -4.863867
3743 0.0000066294 -3.144083 4.320558 1.256808 -0.574200 -4.863867
3764 0.0000066284 -3.144078 4.320554 1.256806 -0.574198 -4.863867
3766 0.0000066248 -3.144080 4.320556 1.256808 -0.574199 -4.863866
3773 0.0000066234 -3.144084 4.320559 1.256808 -0.574200 -4.863868
3781 0.0000066166 -3.144082 4.320557 1.256807 -0.574199 -4.863868
3801 0.0000066132 -3.144081 4.320556 1.256807 -0.574199 -4.863868
3811 0.0000066101 -3.144083 4.320557 1.256806 -0.574200 -4.863868
3820 0.0000066046 -3.144083 4.320557 1.256805 -0.574199 -4.863868
3836 0.0000065944 -3.144084 4.320557 1.256804 -0.574199 -4.863870
3882 0.0000065844 -3.144082 4.320555 1.256802 -0.574198 -4.863870
3902 0.0000065818 -3.144081 4.320555 1.256802 -0.574198 -4.863870
3922 0.0000065736 -3.144080 4.320553 1.256800 -0.574197 -4.863871
3937 0.0000065663 -3.144081 4.320554 1.256802 -0.574198 -4.863870
3965 0.0000065534 -3.144085 4.320555 1.256797 -0.574198 -4.863872
3976 0.0000065493 -3.144083 4.320555 1.256798 -0.574198 -4.863871
3979 0.0000065491 -3.144086 4.320558 1.256802 -0.574200 -4.863870
3993 0.0000065460 -3.144084 4.320554 1.256796 -0.574198 -4.863872
3999 0.0000065416 -3.144085 4.320558 1.256802 -0.574199 -4.863870
4003 0.0000065373 -3.144088 4.320559 1.256802 -0.574201 -4.863870
4021 0.0000065289 -3.144085 4.320557 1.256800 -0.574199 -4.863871
4029 0.0000065249 -3.144086 4.320558 1.256802 -0.574200 -4.863870
4043 0.0000065199 -3.144083 4.320554 1.256798 -0.574198 -4.863872
4070 0.0000065191 -3.144081 4.320553 1.256798 -0.574197 -4.863871
4083 0.0000065031 -3.144086 4.320558 1.256802 -0.574200 -4.863870
4089 0.0000064888 -3.144081 4.320552 1.256798 -0.574197 -4.863871
4105 0.0000064600 -3.144084 4.320556 1.256800 -0.574199 -4.863871
4159 0.0000064475 -3.144080 4.320551 1.256796 -0.574196 -4.863872
4164 0.0000064315 -3.144079 4.320550 1.256795 -0.574196 -4.863872
4194 0.0000064211 -3.144084 4.320554 1.256798 -0.574198 -4.863871
4195 0.0000064050 -3.144081 4.320551 1.256795 -0.574197 -4.863872
4224 0.0000063940 -3.144078 4.320548 1.256792 -0.574195 -4.863872
4242 0.0000063822 -3.144078 4.320548 1.256791 -0.574195 -4.863872
4262 0.0000063722 -3.144075 4.320544 1.256787 -0.574193 -4.863873
4265 0.0000063495 -3.144081 4.320550 1.256791 -0.574196 -4.863872
4281 0.0000063258 -3.144081 4.320549 1.256790 -0.574196 -4.863873
4289 0.0000063135 -3.144080 4.320548 1.256788 -0.574195 -4.863873
4326 0.0000062821 -3.144101 4.320567 1.256800 -0.574205 -4.863870
4340 0.0000062700 -3.144097 4.320564 1.256798 -0.574203 -4.863871
4349 0.0000062123 -3.144092 4.320557 1.256791 -0.574200 -4.863873
4357 0.0000061825 -3.144102 4.320566 1.256795 -0.574204 -4.863872
4391 0.0000061684 -3.144094 4.320557 1.256789 -0.574200 -4.863873
4394 0.0000061637 -3.144092 4.320556 1.256789 -0.574200 -4.863873
4397 0.0000061631 -3.144098 4.320559 1.256787 -0.574202 -4.863873
4402 0.0000061531 -3.144097 4.320560 1.256789 -0.574202 -4.863873
4424 0.0000061405 -3.144099 4.320561 1.256790 -0.574202 -4.863873
4446 0.0000061313 -3.144091 4.320552 1.256781 -0.574198 -4.863875
4455 0.0000061249 -3.144102 4.320564 1.256790 -0.574204 -4.863873
4462 0.0000061139 -3.144094 4.320557 1.256787 -0.574200 -4.863873
4467 0.0000061049 -3.144097 4.320559 1.256787 -0.574201 -4.863873
4485 0.0000060874 -3.144095 4.320557 1.256786 -0.574201 -4.863873
4523 0.0000060811 -3.144096 4.320556 1.256783 -0.574200 -4.863874
4534 0.0000060798 -3.144101 4.320561 1.256785 -0.574203 -4.863874
4549 0.0000060786 -3.144097 4.320557 1.256783 -0.574201 -4.863874
4554 0.0000060718 -3.144093 4.320553 1.256781 -0.574199 -4.863875
4590 0.0000060651 -3.144091 4.320551 1.256779 -0.574198 -4.863875
4591 0.0000060584 -3.144090 4.320549 1.256776 -0.574197 -4.863876
4604 0.0000060543 -3.144089 4.320547 1.256773 -0.574196 -4.863876
4606 0.0000060460 -3.144093 4.320551 1.256777 -0.574198 -4.863875
4625 0.0000060418 -3.144093 4.320552 1.256778 -0.574199 -4.863875
4645 0.0000060405 -3.144094 4.320553 1.256779 -0.574199 -4.863875
4646 0.0000060327 -3.144095 4.320554 1.256779 -0.574200 -4.863875
4652 0.0000060277 -3.144092 4.320551 1.256777 -0.574198 -4.863875
4661 0.0000060232 -3.144093 4.320551 1.256775 -0.574198 -4.863875
4664 0.0000060211 -3.144097 4.320556 1.256782 -0.574201 -4.863874
4675 0.0000060204 -3.144093 4.320552 1.256777 -0.574198 -4.863875
4676 0.0000060032 -3.144098 4.320555 1.256777 -0.574200 -4.863875
4683 0.0000059878 -3.144092 4.320550 1.256774 -0.574198 -4.863875
4701 0.0000059659 -3.144095 4.320551 1.256774 -0.574199 -4.863875
4713 0.0000059598 -3.144099 4.320556 1.256778 -0.574201 -4.863874
4725 0.0000059529 -3.144092 4.320544 1.256762 -0.574196 -4.863877
4730 0.0000059464 -3.144093 4.320546 1.256764 -0.574197 -4.863877
4742 0.0000059040 -3.144092 4.320543 1.256761 -0.574196 -4.863877
4761 0.0000058855 -3.144099 4.320552 1.256769 -0.574200 -4.863875
4763 0.0000058068 -3.144098 4.320550 1.256766 -0.574199 -4.863874
4781 0.0000057975 -3.144098 4.320549 1.256764 -0.574199 -4.863875
4786 0.0000057728 -3.144097 4.320546 1.256759 -0.574198 -4.863875
4818 0.0000057596 -3.144097 4.320540 1.256747 -0.574196 -4.863877
4826 0.0000057482 -3.144102 4.320546 1.256753 -0.574199 -4.863876
4857 0.0000057383 -3.144098 4.320544 1.256753 -0.574198 -4.863876
4878 0.0000057321 -3.144098 4.320546 1.256757 -0.574198 -4.863875
4885 0.0000057296 -3.144101 4.320545 1.256752 -0.574198 -4.863876
4903 0.0000057275 -3.144101 4.320548 1.256758 -0.574200 -4.863874
4945 0.0000057215 -3.144101 4.320546 1.256753 -0.574199 -4.863875
4961 0.0000057184 -3.144100 4.320545 1.256753 -0.574198 -4.863875
4986 0.0000057173 -3.144104 4.320549 1.256756 -0.574200 -4.863874
5027 0.0000057161 -3.144101 4.320546 1.256754 -0.574199 -4.863875
5044 0.0000057147 -3.144104 4.320549 1.256756 -0.574201 -4.863874
5148 0.0000057144 -3.144102 4.320547 1.256754 -0.574199 -4.863875
5155 0.0000057138 -3.144103 4.320548 1.256755 -0.574200 -4.863875
5168 0.0000057130 -3.144103 4.320547 1.256754 -0.574200 -4.863875
5202 0.0000057123 -3.144103 4.320548 1.256754 -0.574200 -4.863875
5231 0.0000057121 -3.144104 4.320548 1.256755 -0.574200 -4.863875
5245 0.0000057118 -3.144103 4.320548 1.256754 -0.574200 -4.863875
5248 0.0000057114 -3.144103 4.320547 1.256754 -0.574200 -4.863875
5252 0.0000057113 -3.144103 4.320547 1.256754 -0.574200 -4.863875
5264 0.0000057110 -3.144105 4.320549 1.256755 -0.574201 -4.863875
5267 0.0000057108 -3.144102 4.320547 1.256754 -0.574200 -4.863875
5279 0.0000057103 -3.144102 4.320547 1.256753 -0.574199 -4.863875
5303 0.0000057100 -3.144103 4.320548 1.256754 -0.574200 -4.863875
5341 0.0000057099 -3.144103 4.320548 1.256755 -0.574200 -4.863875
5343 0.0000057095 -3.144103 4.320548 1.256754 -0.574200 -4.863875
5345 0.0000057093 -3.144101 4.320546 1.256752 -0.574199 -4.863876
5355 0.0000057091 -3.144103 4.320547 1.256754 -0.574200 -4.863875
5358 0.0000057087 -3.144103 4.320547 1.256754 -0.574200 -4.863875
5404 0.0000057082 -3.144103 4.320547 1.256753 -0.574199 -4.863875
5405 0.0000057077 -3.144103 4.320547 1.256754 -0.574200 -4.863875
5418 0.0000057076 -3.144102 4.320547 1.256754 -0.574199 -4.863875
5423 0.0000057045 -3.144102 4.320547 1.256754 -0.574200 -4.863875
5445 0.0000057030 -3.144102 4.320547 1.256754 -0.574199 -4.863875
5465 0.0000057025 -3.144102 4.320547 1.256755 -0.574199 -4.863875
5506 0.0000057010 -3.144102 4.320547 1.256754 -0.574199 -4.863876
5531 0.0000056993 -3.144101 4.320546 1.256754 -0.574199 -4.863876
5548 0.0000056991 -3.144100 4.320545 1.256753 -0.574198 -4.863876
5573 0.0000056986 -3.144100 4.320546 1.256753 -0.574199 -4.863876
5608 0.0000056980 -3.144100 4.320545 1.256753 -0.574198 -4.863876
5738 0.0000056977 -3.144101 4.320546 1.256753 -0.574199 -4.863876
5744 0.0000056971 -3.144101 4.320546 1.256753 -0.574199 -4.863876
5748 0.0000056965 -3.144100 4.320545 1.256753 -0.574198 -4.863876
5762 0.0000056959 -3.144100 4.320545 1.256753 -0.574198 -4.863876
5797 0.0000056953 -3.144101 4.320546 1.256753 -0.574198 -4.863876
5822 0.0000056941 -3.144101 4.320546 1.256753 -0.574199 -4.863876
5841 0.0000056933 -3.144100 4.320545 1.256753 -0.574198 -4.863876
5845 0.0000056908 -3.144101 4.320545 1.256752 -0.574198 -4.863877
5873 0.0000056895 -3.144100 4.320545 1.256752 -0.574198 -4.863876
5882 0.0000056867 -3.144102 4.320546 1.256752 -0.574198 -4.863877
5894 0.0000056863 -3.144100 4.320545 1.256752 -0.574198 -4.863877
5901 0.0000056848 -3.144100 4.320545 1.256752 -0.574198 -4.863877
5902 0.0000056842 -3.144100 4.320545 1.256752 -0.574198 -4.863877
5913 0.0000056796 -3.144099 4.320544 1.256751 -0.574197 -4.863877
5917 0.0000056762 -3.144099 4.320544 1.256750 -0.574197 -4.863878
5928 0.0000056751 -3.144100 4.320544 1.256751 -0.574198 -4.863877
5951 0.0000056728 -3.144097 4.320541 1.256749 -0.574196 -4.863878
5969 0.0000056690 -3.144098 4.320543 1.256750 -0.574197 -4.863878
5974 0.0000056687 -3.144098 4.320543 1.256750 -0.574197 -4.863878
5994 0.0000056666 -3.144097 4.320542 1.256749 -0.574196 -4.863878
6003 0.0000056593 -3.144097 4.320541 1.256748 -0.574196 -4.863879
6043 0.0000056587 -3.144097 4.320540 1.256747 -0.574196 -4.863879
6044 0.0000056556 -3.144095 4.320539 1.256745 -0.574195 -4.863879
6046 0.0000056514 -3.144094 4.320537 1.256744 -0.574194 -4.863880
6053 0.0000056508 -3.144096 4.320539 1.256745 -0.574195 -4.863879
6065 0.0000056479 -3.144095 4.320538 1.256745 -0.574195 -4.863880
6083 0.0000056469 -3.144096 4.320539 1.256745 -0.574195 -4.863879
6085 0.0000056376 -3.144094 4.320536 1.256742 -0.574194 -4.863881
6098 0.0000056218 -3.144094 4.320536 1.256739 -0.574193 -4.863882
6101 0.0000056107 -3.144093 4.320533 1.256735 -0.574192 -4.863883
6127 0.0000056081 -3.144094 4.320534 1.256737 -0.574192 -4.863883
6131 0.0000055905 -3.144093 4.320531 1.256731 -0.574191 -4.863885
6140 0.0000055844 -3.144097 4.320536 1.256737 -0.574194 -4.863882
6147 0.0000055819 -3.144094 4.320533 1.256733 -0.574192 -4.863884
6148 0.0000055629 -3.144097 4.320535 1.256733 -0.574193 -4.863884
6163 0.0000055408 -3.144097 4.320532 1.256727 -0.574191 -4.863887
6193 0.0000055269 -3.144098 4.320531 1.256722 -0.574191 -4.863889
6217 0.0000055083 -3.144097 4.320528 1.256716 -0.574189 -4.863891
6236 0.0000054921 -3.144096 4.320525 1.256711 -0.574188 -4.863892
6258 0.0000054887 -3.144097 4.320527 1.256714 -0.574189 -4.863891
6275 0.0000054879 -3.144097 4.320521 1.256699 -0.574186 -4.863896
6280 0.0000054870 -3.144097 4.320520 1.256698 -0.574185 -4.863897
6290 0.0000054840 -3.144097 4.320520 1.256696 -0.574185 -4.863897
6304 0.0000054823 -3.144097 4.320523 1.256705 -0.574187 -4.863895
6325 0.0000054813 -3.144098 4.320525 1.256707 -0.574188 -4.863894
6328 0.0000054789 -3.144098 4.320522 1.256700 -0.574186 -4.863897
6329 0.0000054745 -3.144098 4.320522 1.256700 -0.574186 -4.863896
6384 0.0000054738 -3.144098 4.320524 1.256705 -0.574188 -4.863894
6408 0.0000054685 -3.144099 4.320524 1.256703 -0.574187 -4.863895
6444 0.0000054670 -3.144100 4.320525 1.256704 -0.574188 -4.863895
6614 0.0000054667 -3.144100 4.320524 1.256702 -0.574188 -4.863895
6712 0.0000054666 -3.144100 4.320525 1.256704 -0.574188 -4.863894
6746 0.0000054664 -3.144100 4.320525 1.256704 -0.574188 -4.863894
6821 0.0000054663 -3.144101 4.320525 1.256705 -0.574188 -4.863894
6826 0.0000054660 -3.144100 4.320525 1.256704 -0.574188 -4.863894
6910 0.0000054659 -3.144100 4.320525 1.256704 -0.574188 -4.863895
6956 0.0000054657 -3.144101 4.320525 1.256703 -0.574188 -4.863895
6965 0.0000054656 -3.144100 4.320525 1.256703 -0.574188 -4.863895
6984 0.0000054653 -3.144100 4.320525 1.256703 -0.574188 -4.863895
7008 0.0000054650 -3.144100 4.320524 1.256702 -0.574188 -4.863895
7052 0.0000054648 -3.144100 4.320524 1.256703 -0.574188 -4.863895
7103 0.0000054647 -3.144100 4.320524 1.256701 -0.574187 -4.863896
7159 0.0000054646 -3.144100 4.320524 1.256702 -0.574188 -4.863895
7267 0.0000054645 -3.144100 4.320524 1.256702 -0.574187 -4.863896
8067 0.0000054643 -3.144100 4.320524 1.256702 -0.574187 -4.863895
8129 0.0000054642 -3.144100 4.320523 1.256701 -0.574187 -4.863896
8141 0.0000054640 -3.144100 4.320523 1.256701 -0.574187 -4.863896
8175 0.0000054639 -3.144100 4.320523 1.256701 -0.574187 -4.863896
8196 0.0000054637 -3.144100 4.320523 1.256701 -0.574187 -4.863896
8202 0.0000054635 -3.144100 4.320523 1.256700 -0.574187 -4.863896
8225 0.0000054633 -3.144100 4.320523 1.256700 -0.574187 -4.863896
8236 0.0000054630 -3.144100 4.320523 1.256700 -0.574187 -4.863896
8252 0.0000054628 -3.144100 4.320523 1.256699 -0.574187 -4.863896
8261 0.0000054626 -3.144100 4.320523 1.256699 -0.574187 -4.863896
8266 0.0000054619 -3.144100 4.320522 1.256697 -0.574187 -4.863897
8326 0.0000054618 -3.144101 4.320522 1.256697 -0.574187 -4.863897
8334 0.0000054617 -3.144100 4.320522 1.256697 -0.574187 -4.863897
8668 0.0000054615 -3.144101 4.320522 1.256697 -0.574187 -4.863897
8815 0.0000054614 -3.144100 4.320522 1.256697 -0.574186 -4.863897
8914 0.0000054612 -3.144100 4.320521 1.256696 -0.574186 -4.863898
8977 0.0000054611 -3.144100 4.320522 1.256697 -0.574187 -4.863897
9035 0.0000054604 -3.144100 4.320522 1.256696 -0.574186 -4.863897
9089 0.0000054601 -3.144100 4.320521 1.256695 -0.574186 -4.863898
9104 0.0000054596 -3.144100 4.320521 1.256696 -0.574186 -4.863898
9125 0.0000054594 -3.144100 4.320521 1.256695 -0.574186 -4.863898
9142 0.0000054592 -3.144100 4.320521 1.256695 -0.574186 -4.863898
9167 0.0000054589 -3.144100 4.320521 1.256694 -0.574186 -4.863898
9171 0.0000054587 -3.144100 4.320521 1.256694 -0.574186 -4.863898
9180 0.0000054582 -3.144100 4.320520 1.256693 -0.574185 -4.863899
9193 0.0000054578 -3.144100 4.320521 1.256694 -0.574186 -4.863899
9256 0.0000054576 -3.144100 4.320520 1.256693 -0.574185 -4.863899
9282 0.0000054575 -3.144100 4.320520 1.256692 -0.574185 -4.863899
9304 0.0000054573 -3.144100 4.320520 1.256693 -0.574185 -4.863899
9375 0.0000054572 -3.144100 4.320520 1.256694 -0.574186 -4.863899
9382 0.0000054571 -3.144100 4.320521 1.256695 -0.574186 -4.863898
9400 0.0000054569 -3.144100 4.320521 1.256694 -0.574186 -4.863899
9408 0.0000054568 -3.144100 4.320521 1.256694 -0.574186 -4.863899
9416 0.0000054566 -3.144100 4.320521 1.256695 -0.574186 -4.863898
9435 0.0000054564 -3.144100 4.320521 1.256695 -0.574186 -4.863898
9445 0.0000054562 -3.144100 4.320522 1.256698 -0.574186 -4.863897
9464 0.0000054559 -3.144100 4.320522 1.256697 -0.574186 -4.863898
9474 0.0000054557 -3.144100 4.320522 1.256698 -0.574186 -4.863897
9498 0.0000054556 -3.144100 4.320522 1.256698 -0.574186 -4.863897
9533 0.0000054554 -3.144100 4.320522 1.256698 -0.574186 -4.863897
9658 0.0000054552 -3.144100 4.320522 1.256697 -0.574186 -4.863898
10000 0.0000054554 -3.144100 4.320522 1.256698 -0.574186 -4.863898
