evaluations raw_y x0 x1 x2 x3 x4
1 30.7730004923 -3.155196 3.035129 -1.918045 2.608987 1.227415
15 20.4930949048 -0.173100 3.462661 2.701234 -0.017408 -1.625483
24 20.3105163510 3.968067 4.370299 0.846037 1.228723 -0.197944
30 12.1398221411 1.482526 0.907713 -2.688233 3.283533 -4.769839
53 8.1717722731 2.474184 4.932559 -5.000000 3.833020 -4.691862
74 3.8555535881 1.679559 4.259462 0.601524 2.295525 -5.000000
78 2.9863526982 1.313382 4.932559 -1.075023 4.377877 -4.691862
107 2.4166856337 -0.347297 5.000000 -1.144697 4.944498 -5.000000
132 1.5763498202 -0.203647 5.000000 0.071372 4.944498 -5.000000
150 0.7290236668 0.121175 5.000000 2.139033 5.000000 -4.895621
284 0.4459524779 0.309982 4.792179 2.100217 5.000000 -4.730594
312 0.3575555292 0.182410 5.000000 3.292034 4.915456 -4.783673
352 0.2757946210 0.092514 4.687158 3.207467 4.848157 -5.000000
421 0.1521379208 0.060149 4.599242 3.261765 4.779325 -4.640798
423 0.1389966369 -0.301013 4.379239 3.129850 5.000000 -4.664615
591 0.1235205463 0.111621 4.900857 3.320332 5.000000 -4.838334
599 0.1009544714 0.374779 4.886028 3.001868 4.815832 -4.845325
627 0.0986930850 0.234992 4.881733 3.207467 5.000000 -4.797761
674 0.0735767990 0.317113 4.886028 3.289146 4.786610 -4.845325
724 0.0581639654 0.368365 4.868330 3.395455 4.755024 -4.845325
773 0.0365504314 0.260316 4.694562 3.218084 4.733620 -4.805256
813 0.0346932855 0.465918 5.000000 3.087434 4.835439 -4.856410
858 0.0226735917 0.080643 4.637951 3.308815 4.896877 -4.740706
908 0.0226445037 0.080643 4.637951 3.241734 4.896877 -4.740706
1010 0.0140350933 0.264325 4.696132 3.295689 4.739496 -4.786431
1046 0.0085513276 0.178423 4.692220 3.271309 4.760577 -4.798401
1361 0.0081872205 0.195915 4.645131 3.171452 4.730707 -4.808446
1368 0.0076173678 0.203833 4.629298 3.154523 4.694951 -4.807137
1403 0.0051206023 0.241780 4.672582 3.151845 4.698227 -4.800683
1484 0.0015383247 0.178038 4.614037 3.160925 4.686677 -4.787364
1586 0.0011242795 0.203940 4.641028 3.156585 4.714417 -4.787369
1803 0.0006335194 0.211824 4.630848 3.158135 4.702619 -4.781545
1918 0.0005222197 0.214693 4.641897 3.148900 4.707746 -4.784256
1961 0.0002824958 0.206467 4.633836 3.156199 4.701244 -4.780713
2032 0.0001708777 0.199463 4.623762 3.154977 4.703937 -4.780036
2119 0.0001206031 0.201483 4.626303 3.147860 4.698383 -4.782608
2125 0.0000658305 0.202561 4.631315 3.156009 4.705082 -4.782624
2163 0.0000346094 0.200471 4.625567 3.153608 4.700691 -4.781752
2238 0.0000117331 0.199225 4.625567 3.152400 4.700691 -4.781685
2288 0.0000098829 0.197933 4.623715 3.152400 4.700691 -4.781386
2438 0.0000048313 0.197933 4.624466 3.152434 4.700691 -4.782266
2469 0.0000032764 0.198064 4.624643 3.151667 4.701187 -4.781854
2504 0.0000030440 0.198233 4.626035 3.153479 4.702246 -4.782142
2519 0.0000022995 0.197782 4.624736 3.152396 4.701443 -4.781854
2577 0.0000018060 0.197434 4.623871 3.152160 4.701110 -4.781663
2669 0.0000005349 0.197618 4.624304 3.153172 4.701100 -4.781854
2889 0.0000003117 0.197715 4.624283 3.153253 4.701033 -4.781840
3208 0.0000002432 0.197692 4.624349 3.153096 4.701028 -4.781881
3251 0.0000002093 0.197794 4.624373 3.153095 4.701005 -4.781878
3456 0.0000001745 0.197808 4.624386 3.153000 4.700999 -4.781884
3466 0.0000001635 0.197731 4.624308 3.152776 4.701011 -4.781858
3686 0.0000001383 0.197746 4.624342 3.152744 4.701028 -4.781866
3691 0.0000001205 0.197729 4.624327 3.152748 4.701030 -4.781862
3816 0.0000000945 0.197718 4.624344 3.152839 4.701030 -4.781873
3849 0.0000000916 0.197716 4.624322 3.152787 4.701026 -4.781864
3866 0.0000000902 0.197716 4.624327 3.152773 4.701026 -4.781866
4137 0.0000000816 0.197701 4.624346 3.152805 4.701025 -4.781880
4273 0.0000000726 0.197703 4.624354 3.152774 4.701025 -4.781885
4282 0.0000000576 0.197708 4.624346 3.152781 4.701026 -4.781878
4394 0.0000000573 0.197705 4.624351 3.152814 4.701026 -4.781881
4462 0.0000000524 0.197705 4.624354 3.152796 4.701017 -4.781887
4612 0.0000000514 0.197702 4.624360 3.152794 4.701014 -4.781892
4712 0.0000000477 0.197702 4.624360 3.152797 4.701014 -4.781892
4730 0.0000000433 0.197701 4.624358 3.152827 4.701012 -4.781892
4787 0.0000000431 0.197701 4.624360 3.152813 4.701013 -4.781893
4977 0.0000000429 0.197698 4.624361 3.152846 4.701012 -4.781894
5063 0.0000000374 0.197699 4.624361 3.152842 4.701010 -4.781895
5087 0.0000000340 0.197693 4.624371 3.152887 4.700999 -4.781906
5109 0.0000000315 0.197688 4.624373 3.152945 4.700998 -4.781909
5162 0.0000000261 0.197689 4.624376 3.152915 4.700996 -4.781911
5819 0.0000000225 0.197686 4.624382 3.152934 4.700992 -4.781916
6127 0.0000000222 0.197687 4.624383 3.152910 4.700995 -4.781916
6593 0.0000000177 0.197688 4.624384 3.152888 4.700995 -4.781916
7043 0.0000000172 0.197690 4.624385 3.152866 4.700997 -4.781915
7081 0.0000000170 0.197690 4.624385 3.152866 4.700997 -4.781915
7250 0.0000000160 0.197689 4.624385 3.152885 4.700996 -4.781916
7336 0.0000000149 0.197688 4.624384 3.152889 4.700996 -4.781916
7628 0.0000000144 0.197688 4.624384 3.152891 4.700996 -4.781916
7849 0.0000000139 0.197688 4.624384 3.152892 4.700995 -4.781916
7872 0.0000000132 0.197688 4.624384 3.152899 4.700995 -4.781916
7893 0.0000000129 0.197687 4.624383 3.152911 4.700994 -4.781916
8382 0.0000000125 0.197687 4.624383 3.152906 4.700995 -4.781916
8420 0.0000000120 0.197687 4.624383 3.152912 4.700994 -4.781916
8649 0.0000000117 0.197687 4.624383 3.152912 4.700994 -4.781916
8811 0.0000000113 0.197687 4.624383 3.152913 4.700994 -4.781916
8900 0.0000000110 0.197687 4.624383 3.152909 4.700995 -4.781916
9104 0.0000000108 0.197687 4.624383 3.152911 4.700995 -4.781916
9258 0.0000000107 0.197687 4.624382 3.152915 4.700994 -4.781916
10000 0.0000000341 0.197687 4.624382 3.152914 4.700994 -4.781916
