evaluations raw_y x0 x1 x2 x3 x4
1 4.6238663002 2.025183 1.470777 -3.407350 3.596296 -4.971487
7 2.4785792430 -2.437471 -0.750820 -0.918308 2.500309 -2.604307
12 2.2660537851 1.438002 3.161065 0.572389 1.453965 -4.626275
31 1.9477725029 -3.900246 -4.522844 4.568508 -0.776614 -5.000000
58 1.3341660420 -1.052365 -0.417904 1.448382 1.303601 -4.565499
88 1.1734090560 -1.859260 0.534762 5.000000 1.373292 -5.000000
103 0.3912371058 0.422285 -1.438008 3.090652 3.830049 -5.000000
202 0.3825809110 -0.357441 0.497929 2.462380 4.552204 -5.000000
253 0.3691045958 1.441685 -0.911233 4.176718 4.957541 -5.000000
302 0.3042771935 -0.769093 0.497929 3.720370 4.338503 -5.000000
320 0.2576035132 0.058358 -1.088443 3.705263 3.607010 -4.203506
327 0.2111361866 -0.001410 -0.000109 4.241250 4.580939 -5.000000
330 0.1416946833 -0.224374 -0.409795 4.104868 5.000000 -4.590365
380 0.0881134033 -0.154732 -0.409795 3.965885 4.371743 -4.590365
505 0.0713239338 0.322099 0.119134 3.955845 5.000000 -4.366338
509 0.0286675404 0.260337 -0.033429 3.917387 4.910646 -4.386585
746 0.0257113598 0.172235 -0.014640 3.869062 5.000000 -4.401871
796 0.0142018401 0.201379 -0.145467 3.861519 4.954886 -4.401871
864 0.0137925296 0.136953 -0.124431 3.928809 4.913253 -4.378582
921 0.0061711867 0.193555 -0.101190 3.861519 4.936245 -4.401871
1117 0.0061094283 0.144569 -0.111951 3.874121 4.900812 -4.398499
1123 0.0040307081 0.180589 -0.110042 3.881300 4.909633 -4.393942
1229 0.0024154638 0.189602 -0.099884 3.872960 4.946927 -4.392720
1271 0.0022413817 0.178910 -0.110264 3.873068 4.916284 -4.382501
1367 0.0020143194 0.165908 -0.118250 3.869752 4.916416 -4.389811
1528 0.0014620877 0.176083 -0.111945 3.868467 4.920278 -4.386865
1556 0.0014372856 0.185182 -0.105869 3.868350 4.939611 -4.390209
1557 0.0011594135 0.165903 -0.116762 3.876934 4.908874 -4.384137
1681 0.0010600522 0.176128 -0.111197 3.871250 4.924731 -4.390209
1718 0.0008731734 0.174729 -0.115842 3.873501 4.916588 -4.388280
1766 0.0007728038 0.163298 -0.120375 3.874754 4.903827 -4.386570
1801 0.0005596462 0.167831 -0.117674 3.874852 4.909086 -4.387389
1826 0.0004906974 0.167524 -0.117402 3.874852 4.909086 -4.386724
1923 0.0002981188 0.168732 -0.117263 3.873848 4.907797 -4.386793
1977 0.0002478312 0.165316 -0.120026 3.873702 4.903100 -4.385924
2041 0.0001703763 0.167015 -0.117986 3.873555 4.906965 -4.386570
2130 0.0000791509 0.170173 -0.116485 3.873031 4.911553 -4.386991
2627 0.0000679424 0.167909 -0.117938 3.873542 4.907993 -4.386552
2638 0.0000435087 0.167557 -0.118120 3.873511 4.907202 -4.386300
2728 0.0000351401 0.167603 -0.117961 3.873427 4.907272 -4.386403
2738 0.0000339753 0.167597 -0.118087 3.873534 4.907257 -4.386324
2874 0.0000313561 0.167592 -0.118074 3.873489 4.907198 -4.386351
3001 0.0000182626 0.167629 -0.118062 3.873464 4.907231 -4.386413
3215 0.0000145301 0.167677 -0.118052 3.873445 4.907307 -4.386433
3255 0.0000137368 0.167603 -0.118119 3.873482 4.907277 -4.386417
3366 0.0000130957 0.167708 -0.117998 3.873468 4.907408 -4.386419
3462 0.0000093863 0.167704 -0.118037 3.873428 4.907381 -4.386435
3465 0.0000072258 0.167627 -0.118098 3.873471 4.907288 -4.386422
3519 0.0000050912 0.167699 -0.118059 3.873466 4.907412 -4.386441
3581 0.0000033688 0.167694 -0.118055 3.873464 4.907369 -4.386442
3673 0.0000031049 0.167687 -0.118055 3.873470 4.907386 -4.386436
3823 0.0000030737 0.167690 -0.118049 3.873473 4.907378 -4.386436
3852 0.0000020783 0.167709 -0.118039 3.873465 4.907410 -4.386445
3870 0.0000018642 0.167688 -0.118053 3.873465 4.907372 -4.386441
4023 0.0000014400 0.167694 -0.118045 3.873467 4.907392 -4.386439
4060 0.0000008443 0.167696 -0.118049 3.873463 4.907392 -4.386439
4210 0.0000008115 0.167702 -0.118045 3.873463 4.907401 -4.386441
4217 0.0000007170 0.167696 -0.118049 3.873464 4.907389 -4.386439
4300 0.0000006621 0.167696 -0.118048 3.873461 4.907390 -4.386441
4409 0.0000003524 0.167695 -0.118049 3.873463 4.907390 -4.386439
4466 0.0000002701 0.167694 -0.118047 3.873464 4.907390 -4.386440
4607 0.0000002651 0.167694 -0.118049 3.873463 4.907389 -4.386440
4658 0.0000002370 0.167695 -0.118047 3.873463 4.907392 -4.386440
4682 0.0000001157 0.167695 -0.118048 3.873463 4.907391 -4.386440
4739 0.0000001082 0.167696 -0.118047 3.873463 4.907392 -4.386440
4757 0.0000001021 0.167696 -0.118048 3.873463 4.907391 -4.386440
4811 0.0000001019 0.167695 -0.118047 3.873464 4.907391 -4.386440
4844 0.0000000923 0.167695 -0.118048 3.873463 4.907390 -4.386440
4954 0.0000000846 0.167696 -0.118047 3.873463 4.907392 -4.386440
4991 0.0000000786 0.167695 -0.118047 3.873463 4.907391 -4.386440
5029 0.0000000571 0.167695 -0.118048 3.873463 4.907391 -4.386440
5095 0.0000000374 0.167695 -0.118048 3.873464 4.907391 -4.386440
5188 0.0000000373 0.167695 -0.118048 3.873463 4.907391 -4.386440
5217 0.0000000249 0.167695 -0.118048 3.873464 4.907391 -4.386440
5260 0.0000000166 0.167695 -0.118048 3.873463 4.907391 -4.386440
5395 0.0000000159 0.167695 -0.118048 3.873464 4.907391 -4.386440
5466 0.0000000100 0.167695 -0.118048 3.873463 4.907391 -4.386440
5571 0.0000000099 0.167695 -0.118048 3.873463 4.907391 -4.386440
5620 0.0000000072 0.167695 -0.118048 3.873464 4.907391 -4.386440
5634 0.0000000069 0.167695 -0.118048 3.873463 4.907391 -4.386440
5682 0.0000000056 0.167695 -0.118048 3.873463 4.907391 -4.386440
5715 0.0000000041 0.167695 -0.118048 3.873463 4.907391 -4.386440
5780 0.0000000037 0.167695 -0.118048 3.873463 4.907391 -4.386440
5790 0.0000000033 0.167695 -0.118048 3.873463 4.907391 -4.386440
5820 0.0000000021 0.167695 -0.118048 3.873463 4.907391 -4.386440
5881 0.0000000008 0.167695 -0.118048 3.873463 4.907391 -4.386440
6125 0.0000000007 0.167695 -0.118048 3.873463 4.907391 -4.386440
6152 0.0000000003 0.167695 -0.118048 3.873463 4.907391 -4.386440
6519 0.0000000002 0.167695 -0.118048 3.873463 4.907391 -4.386440
6975 0.0000000001 0.167695 -0.118048 3.873463 4.907391 -4.386440
10000 0.0000000000 0.167695 -0.118048 3.873463 4.907391 -4.386440
