evaluations raw_y x0 x1 x2 x3 x4
1 3.9153089748 -3.684220 2.443677 -1.476649 -1.882358 -3.348376
10 0.1545173104 -0.920122 -1.264300 -3.883546 4.085284 -4.925574
160 0.1541896490 -0.873806 -1.350422 -3.873022 3.968195 -4.879801
161 0.1294783741 -4.139011 0.220954 -2.290541 4.839000 -5.000000
171 0.1011636962 -2.610345 -1.125458 -1.879511 3.818870 -5.000000
175 0.0934094696 -0.891566 -0.629582 -1.786011 4.553432 -5.000000
214 0.0584817108 -1.365124 0.145531 -0.751960 4.683306 -5.000000
279 0.0518442825 -2.846592 2.419230 -0.270579 3.884896 -5.000000
343 0.0465222484 -2.998455 1.793750 -0.080835 5.000000 -5.000000
378 0.0300646990 -2.646814 2.352000 -0.094724 3.239785 -4.978911
450 0.0290279942 -2.695254 2.376600 -0.113941 3.266870 -4.979575
797 0.0288700099 -2.258838 2.180608 -0.083865 3.627514 -4.979859
821 0.0275340616 -2.210326 2.194165 -0.176396 3.583369 -4.973387
887 0.0249494141 -1.220592 1.785023 -0.286615 3.527556 -4.956299
985 0.0219371032 -1.771118 2.252984 -0.158096 3.328944 -4.982235
994 0.0208269191 -1.218979 2.395649 -0.200748 3.181844 -4.964778
1005 0.0184619524 -1.450365 1.942373 -0.204128 3.091769 -4.919775
1085 0.0151487549 -1.295595 2.195749 -0.112046 3.237778 -4.927663
1162 0.0100892547 -0.743573 2.326375 -0.151099 3.154903 -4.909947
1321 0.0093532252 -0.793887 2.392916 -0.124001 3.189427 -4.917367
1380 0.0093030582 -0.795220 2.378782 -0.139907 3.165846 -4.919522
1433 0.0086646272 -0.655496 2.295891 -0.156121 3.098736 -4.911148
1492 0.0046448157 -0.731039 2.408938 -0.124543 3.037555 -4.908566
1928 0.0043762314 -0.738988 2.422135 -0.120808 3.041957 -4.908880
1962 0.0039900785 -0.724433 2.328777 -0.098077 3.054609 -4.897474
1978 0.0039552428 -0.629746 2.428430 -0.133404 3.049921 -4.906394
1991 0.0035777196 -0.702386 2.399168 -0.106566 3.071793 -4.903284
1997 0.0007595592 -0.633548 2.405364 -0.070771 3.052886 -4.894247
2588 0.0006055648 -0.627237 2.421020 -0.071925 3.055546 -4.893972
2677 0.0002928476 -0.640962 2.427867 -0.074061 3.044104 -4.864878
2763 0.0001424857 -0.633532 2.423997 -0.072317 3.037996 -4.865097
2861 0.0001097571 -0.622194 2.423062 -0.070634 3.039968 -4.871640
3076 0.0001016137 -0.627283 2.426478 -0.071704 3.037693 -4.869601
3087 0.0000947610 -0.621121 2.422930 -0.070882 3.040809 -4.869157
3131 0.0000518620 -0.623886 2.428530 -0.072299 3.036934 -4.865884
3178 0.0000316079 -0.623347 2.429536 -0.070103 3.038032 -4.863469
3269 0.0000282388 -0.623206 2.429483 -0.070402 3.037712 -4.862533
3355 0.0000132639 -0.617026 2.430754 -0.070369 3.038909 -4.863405
3357 0.0000103661 -0.618382 2.429767 -0.070991 3.035833 -4.863298
3469 0.0000081022 -0.617788 2.429444 -0.070616 3.036553 -4.862384
3539 0.0000042664 -0.616390 2.430135 -0.070607 3.035606 -4.863035
3677 0.0000036827 -0.616213 2.430060 -0.070613 3.035724 -4.862802
3754 0.0000034210 -0.616289 2.430713 -0.070620 3.036125 -4.862004
3786 0.0000023678 -0.615951 2.430136 -0.070573 3.035769 -4.862150
3960 0.0000006441 -0.616111 2.430763 -0.070187 3.035781 -4.861568
4082 0.0000005314 -0.616135 2.430902 -0.070056 3.035906 -4.861434
4138 0.0000004389 -0.615919 2.430750 -0.070149 3.035796 -4.861435
4171 0.0000002084 -0.615909 2.430864 -0.070119 3.035560 -4.861319
4238 0.0000001872 -0.615899 2.430820 -0.070133 3.035445 -4.861252
4412 0.0000001837 -0.615951 2.430694 -0.070107 3.035438 -4.861305
4489 0.0000001693 -0.615889 2.430715 -0.070054 3.035532 -4.861382
4490 0.0000001574 -0.615965 2.430795 -0.070095 3.035494 -4.861370
4534 0.0000001148 -0.615929 2.430845 -0.070083 3.035471 -4.861357
4559 0.0000000938 -0.615966 2.430888 -0.070067 3.035459 -4.861293
4589 0.0000000901 -0.615963 2.430857 -0.070068 3.035430 -4.861271
4697 0.0000000817 -0.615955 2.430869 -0.070063 3.035434 -4.861261
4734 0.0000000804 -0.615939 2.430884 -0.070059 3.035455 -4.861291
4767 0.0000000742 -0.615875 2.430857 -0.070077 3.035477 -4.861298
4778 0.0000000720 -0.615901 2.430903 -0.070056 3.035430 -4.861332
4884 0.0000000715 -0.615913 2.430893 -0.070058 3.035438 -4.861314
4948 0.0000000668 -0.615911 2.430882 -0.070047 3.035447 -4.861300
5034 0.0000000564 -0.615856 2.430887 -0.070051 3.035442 -4.861329
5046 0.0000000431 -0.615854 2.430845 -0.070046 3.035428 -4.861265
5153 0.0000000429 -0.615857 2.430877 -0.070056 3.035460 -4.861258
5164 0.0000000422 -0.615862 2.430855 -0.070046 3.035430 -4.861252
5292 0.0000000299 -0.615806 2.430903 -0.070047 3.035433 -4.861304
5299 0.0000000274 -0.615808 2.430875 -0.070049 3.035430 -4.861273
5323 0.0000000180 -0.615800 2.430883 -0.070044 3.035434 -4.861258
5428 0.0000000149 -0.615797 2.430893 -0.070048 3.035447 -4.861261
5473 0.0000000117 -0.615783 2.430907 -0.070047 3.035451 -4.861268
5648 0.0000000081 -0.615786 2.430911 -0.070046 3.035441 -4.861262
5668 0.0000000075 -0.615785 2.430912 -0.070045 3.035441 -4.861262
5720 0.0000000074 -0.615788 2.430913 -0.070047 3.035435 -4.861263
5727 0.0000000072 -0.615783 2.430913 -0.070045 3.035440 -4.861262
5771 0.0000000053 -0.615788 2.430913 -0.070043 3.035438 -4.861255
5840 0.0000000047 -0.615785 2.430910 -0.070045 3.035436 -4.861246
5890 0.0000000024 -0.615789 2.430912 -0.070044 3.035430 -4.861247
5895 0.0000000023 -0.615786 2.430913 -0.070044 3.035430 -4.861250
6002 0.0000000018 -0.615788 2.430914 -0.070045 3.035428 -4.861246
6010 0.0000000012 -0.615787 2.430914 -0.070044 3.035427 -4.861245
6259 0.0000000009 -0.615785 2.430914 -0.070044 3.035428 -4.861244
6638 0.0000000008 -0.615785 2.430916 -0.070044 3.035428 -4.861245
6687 0.0000000005 -0.615783 2.430916 -0.070044 3.035428 -4.861244
6856 0.0000000003 -0.615783 2.430917 -0.070044 3.035428 -4.861244
7165 0.0000000002 -0.615783 2.430917 -0.070043 3.035428 -4.861243
7465 0.0000000001 -0.615783 2.430917 -0.070043 3.035428 -4.861243
10000 0.0000000000 -0.615783 2.430917 -0.070043 3.035427 -4.861243
