evaluations raw_y x0 x1 x2 x3 x4
1 96.8212461262 -1.015442 -0.106041 -3.093163 4.966494 3.809624
2 68.7225607386 -4.002166 -1.337431 -1.947528 0.547554 -0.660211
5 54.3170105999 0.736899 -1.838193 4.885661 4.562821 -3.210835
7 37.4587229641 0.685126 -1.093574 4.548349 3.076482 -4.790140
9 23.9459831889 -3.388219 1.922425 2.899859 0.627333 -1.162327
18 6.0207496086 2.210562 2.833787 -3.195185 3.257758 -4.011564
117 0.7457427374 -0.340287 5.000000 1.099431 5.000000 -5.000000
179 0.7349425397 0.378729 5.000000 4.309759 5.000000 -4.771153
237 0.4091400748 0.387244 5.000000 3.286663 4.627361 -5.000000
330 0.3647216930 0.473543 5.000000 2.736897 4.522178 -5.000000
417 0.2066997835 0.274801 4.935598 3.282545 5.000000 -4.904222
541 0.1651839144 0.256910 4.941493 3.582147 5.000000 -4.825498
583 0.1595071532 0.208724 4.783269 3.272801 4.944525 -4.885947
617 0.1584052467 0.274801 4.889117 3.282545 4.939080 -4.904222
619 0.1415154736 0.376893 4.918844 3.296807 4.761231 -4.734902
620 0.1031971974 0.465662 5.000000 3.556475 4.871881 -4.842336
687 0.0981153635 0.498173 4.947941 3.199799 4.713713 -4.815634
840 0.0616198318 0.359900 4.979778 3.302886 4.822650 -4.876215
930 0.0503951013 0.409070 4.931130 3.221734 4.832635 -4.842065
967 0.0445768710 0.334438 4.922134 3.168954 4.918948 -4.816683
1034 0.0441097410 0.183718 4.828402 3.172310 5.000000 -4.772351
1091 0.0425342386 0.408776 4.851593 3.170913 4.781954 -4.817517
1112 0.0295803249 0.247568 4.795195 3.222753 4.890048 -4.784923
1132 0.0267514817 0.349513 4.785407 3.088108 4.691467 -4.837572
1238 0.0134427858 0.224124 4.712703 3.166426 4.758237 -4.802642
1277 0.0123412404 0.237587 4.692222 3.035675 4.736578 -4.792890
1293 0.0107988164 0.290032 4.796511 3.212659 4.810112 -4.804835
1334 0.0104736968 0.192303 4.710657 3.126599 4.828732 -4.777519
1440 0.0095514587 0.275830 4.747832 3.141989 4.783013 -4.793379
1453 0.0088801797 0.239910 4.680566 3.141631 4.721514 -4.777850
1525 0.0083419325 0.209225 4.653235 3.122239 4.683466 -4.800236
1545 0.0059596310 0.265380 4.683893 3.096546 4.706375 -4.793139
1572 0.0024659552 0.243455 4.673280 3.175499 4.718458 -4.788633
1674 0.0021603106 0.198745 4.638974 3.207611 4.714232 -4.784052
1818 0.0013471412 0.212837 4.651250 3.164011 4.712071 -4.786278
1849 0.0011476333 0.216602 4.640799 3.141332 4.697110 -4.784860
1955 0.0006849606 0.218613 4.651587 3.143278 4.703745 -4.789788
2086 0.0006339228 0.213378 4.643493 3.155203 4.711178 -4.784034
2102 0.0004987176 0.215084 4.640540 3.143899 4.694781 -4.788448
2239 0.0003592493 0.201632 4.630512 3.161093 4.704704 -4.781432
2247 0.0002380499 0.208022 4.637155 3.152194 4.703402 -4.783800
2295 0.0002171261 0.196467 4.627562 3.145979 4.700722 -4.784149
2317 0.0002017980 0.201693 4.628469 3.152126 4.700828 -4.785625
2354 0.0001160041 0.205548 4.630042 3.151602 4.697593 -4.784275
2383 0.0000845762 0.200570 4.629072 3.145576 4.704206 -4.782331
2410 0.0000501340 0.198505 4.624164 3.153413 4.701047 -4.783455
2432 0.0000324963 0.201799 4.627194 3.152831 4.699531 -4.782876
2445 0.0000275687 0.196248 4.624398 3.154963 4.700995 -4.782073
2535 0.0000205475 0.198469 4.624954 3.152521 4.700071 -4.782619
2556 0.0000184834 0.197202 4.624789 3.152159 4.702518 -4.783509
2557 0.0000137316 0.198183 4.624039 3.152766 4.701090 -4.782568
2598 0.0000113203 0.197182 4.624532 3.150688 4.701765 -4.781791
2658 0.0000101213 0.198202 4.625185 3.152886 4.701707 -4.782906
2668 0.0000093328 0.199641 4.627005 3.151714 4.701999 -4.782374
2681 0.0000091241 0.197851 4.625251 3.149877 4.701861 -4.781979
2708 0.0000034947 0.197094 4.623902 3.152318 4.701001 -4.781990
2779 0.0000031153 0.197910 4.624835 3.153095 4.700842 -4.781865
2852 0.0000013180 0.197067 4.624061 3.152849 4.701040 -4.781941
2875 0.0000008709 0.197641 4.624567 3.152851 4.700930 -4.782026
2957 0.0000007992 0.197342 4.624377 3.152580 4.701298 -4.781877
3040 0.0000003422 0.197741 4.624402 3.152821 4.701104 -4.781864
3225 0.0000003288 0.197772 4.624494 3.152854 4.701042 -4.781911
3236 0.0000002751 0.197639 4.624431 3.152828 4.701104 -4.781924
3240 0.0000002497 0.197741 4.624503 3.152793 4.701114 -4.781922
3250 0.0000002081 0.197852 4.624511 3.152834 4.701088 -4.781901
3272 0.0000001995 0.197667 4.624426 3.152879 4.701021 -4.781908
3289 0.0000001744 0.197859 4.624607 3.152792 4.701117 -4.781940
3331 0.0000001441 0.197555 4.624466 3.152788 4.701119 -4.781944
3345 0.0000001192 0.197603 4.624441 3.152927 4.701148 -4.781906
3385 0.0000000708 0.197686 4.624445 3.152855 4.701078 -4.781917
3414 0.0000000526 0.197675 4.624413 3.152779 4.701081 -4.781900
3560 0.0000000504 0.197681 4.624435 3.152856 4.701074 -4.781915
3590 0.0000000456 0.197680 4.624457 3.152801 4.701081 -4.781922
3614 0.0000000319 0.197674 4.624427 3.152884 4.701053 -4.781918
3660 0.0000000062 0.197673 4.624428 3.152865 4.701068 -4.781914
4143 0.0000000049 0.197671 4.624427 3.152880 4.701064 -4.781915
4150 0.0000000044 0.197671 4.624428 3.152874 4.701063 -4.781916
4172 0.0000000025 0.197672 4.624428 3.152868 4.701064 -4.781915
4324 0.0000000013 0.197672 4.624427 3.152872 4.701062 -4.781916
4422 0.0000000010 0.197673 4.624427 3.152869 4.701062 -4.781916
4496 0.0000000006 0.197672 4.624427 3.152868 4.701062 -4.781916
4727 0.0000000005 0.197672 4.624427 3.152869 4.701062 -4.781916
4863 0.0000000003 0.197672 4.624427 3.152868 4.701062 -4.781916
5027 0.0000000002 0.197672 4.624427 3.152868 4.701062 -4.781916
5134 0.0000000001 0.197672 4.624427 3.152868 4.701062 -4.781916
10000 0.0000000000 0.197672 4.624427 3.152868 4.701062 -4.781916
