evaluations raw_y x0 x1 x2 x3 x4
1 17.8683949699 -2.559394 -4.615959 -2.919404 4.918147 -1.426069
4 5.1357716021 2.937438 -2.596274 2.980576 -4.926937 -4.371823
15 4.0938068479 1.582907 2.034781 4.898700 -4.059550 -4.288848
31 3.1876792766 4.121085 -0.709094 -0.058923 -3.955606 -5.000000
56 2.3824833378 1.606732 5.000000 1.139135 -1.091187 -1.467272
68 1.5009331299 1.977947 1.013540 0.551467 -2.966375 -5.000000
77 1.1397966571 2.318269 3.099813 1.856372 -3.011002 -4.160795
95 0.8654535665 1.082039 3.189248 2.132799 -2.594601 -4.673130
115 0.7659643170 1.082039 3.189248 1.810678 -2.594601 -3.627907
158 0.7404049794 1.837526 3.402789 1.210612 -2.693762 -4.314251
163 0.5265826227 1.256530 3.195747 1.074079 -2.793593 -4.245775
243 0.5194411833 1.158141 3.127456 1.064063 -2.793593 -4.279261
254 0.4752272006 1.322327 2.990352 1.232053 -2.871138 -4.078808
289 0.4250675508 0.692196 3.889537 0.860132 -2.651481 -3.698585
375 0.3171140436 0.768588 3.714690 1.108432 -2.586147 -3.671021
415 0.3163424439 0.475700 3.714690 1.108432 -2.894635 -3.451092
421 0.2149071102 0.694594 3.388536 1.052497 -2.976454 -3.997501
428 0.2121308081 0.566832 3.719353 1.052765 -3.191640 -4.114744
483 0.1882407506 0.830619 3.773190 1.160199 -3.072526 -4.373910
518 0.1776644196 0.648739 3.617168 1.219390 -2.906105 -4.180480
555 0.1619962347 0.696577 3.873861 1.187293 -2.989042 -4.348512
603 0.1357366462 0.566744 3.773190 1.167361 -2.929068 -4.308754
654 0.1338971577 0.656347 3.755141 1.219074 -3.027959 -4.414518
668 0.0921073157 0.693034 3.652287 1.156544 -3.017701 -4.068648
672 0.0715363601 0.713488 3.675783 1.067415 -2.944658 -4.140966
730 0.0368861716 0.760745 3.687423 1.141013 -3.005318 -4.077763
751 0.0295208802 0.733505 3.691833 1.153069 -2.991883 -4.119601
811 0.0237553285 0.742283 3.691833 1.152952 -2.991883 -4.143730
910 0.0216167179 0.776810 3.670980 1.141013 -3.003041 -4.084316
1030 0.0123190634 0.763818 3.670980 1.139319 -2.984994 -4.105698
1082 0.0119238311 0.756220 3.691420 1.136238 -2.983045 -4.106558
1110 0.0119197934 0.763818 3.671704 1.139262 -2.984653 -4.105963
1123 0.0088510540 0.750599 3.683338 1.136151 -2.981163 -4.114731
1184 0.0084334744 0.743528 3.665544 1.124224 -2.981432 -4.106083
1240 0.0048335242 0.742154 3.672104 1.119702 -2.982173 -4.100535
1340 0.0041131427 0.722723 3.683270 1.121867 -2.979941 -4.121725
1341 0.0031542245 0.731772 3.680309 1.119577 -2.976158 -4.113936
1534 0.0024507050 0.729036 3.690294 1.121725 -2.981721 -4.113075
1581 0.0022832752 0.720424 3.684894 1.115632 -2.982058 -4.111782
1604 0.0019006198 0.724263 3.688901 1.119960 -2.982886 -4.114306
1624 0.0018438492 0.724495 3.688901 1.119915 -2.982747 -4.114156
1674 0.0014383380 0.729036 3.687979 1.121062 -2.981721 -4.113075
1680 0.0014097376 0.725490 3.682653 1.118921 -2.981246 -4.111242
1699 0.0011151145 0.724374 3.683979 1.118975 -2.982271 -4.111658
1733 0.0010380756 0.727663 3.685721 1.119778 -2.981829 -4.113354
1762 0.0010255735 0.727011 3.680470 1.118424 -2.981429 -4.112363
1784 0.0008895717 0.728127 3.685844 1.120343 -2.982852 -4.112705
1808 0.0006850449 0.727682 3.683811 1.118657 -2.982116 -4.112595
1836 0.0006465675 0.726446 3.683375 1.117712 -2.981828 -4.110881
1875 0.0006122966 0.727360 3.685682 1.118759 -2.982118 -4.111894
1924 0.0004533133 0.726277 3.685844 1.118880 -2.981838 -4.112624
1951 0.0004459830 0.725782 3.685363 1.118208 -2.981715 -4.112467
1974 0.0003843745 0.726768 3.684590 1.119314 -2.982009 -4.112746
1979 0.0002950627 0.727390 3.682799 1.118533 -2.982000 -4.111383
2098 0.0002797304 0.726247 3.683657 1.118647 -2.982683 -4.112129
2114 0.0002241304 0.726078 3.683950 1.118376 -2.981994 -4.111984
2138 0.0002054941 0.726247 3.684137 1.118268 -2.982347 -4.111708
2162 0.0001702695 0.726511 3.684850 1.118543 -2.982043 -4.111967
2250 0.0000568245 0.726385 3.684384 1.118793 -2.982287 -4.112306
2363 0.0000521606 0.726129 3.683891 1.118509 -2.982357 -4.112114
2470 0.0000503793 0.726016 3.684384 1.118568 -2.982287 -4.112305
2591 0.0000363728 0.726482 3.684153 1.118752 -2.982217 -4.112209
2681 0.0000289131 0.726420 3.684137 1.118761 -2.982381 -4.112173
2717 0.0000210872 0.726358 3.684154 1.118746 -2.982269 -4.112290
2803 0.0000209439 0.726485 3.684044 1.118683 -2.982227 -4.112121
2815 0.0000200792 0.726365 3.684107 1.118667 -2.982286 -4.112156
2819 0.0000185383 0.726296 3.684159 1.118679 -2.982191 -4.112305
2879 0.0000101051 0.726375 3.684034 1.118647 -2.982236 -4.112167
2887 0.0000073640 0.726402 3.684084 1.118650 -2.982180 -4.112181
3127 0.0000066733 0.726402 3.684091 1.118650 -2.982184 -4.112181
3164 0.0000050617 0.726410 3.684101 1.118677 -2.982202 -4.112197
3189 0.0000049208 0.726381 3.684126 1.118654 -2.982209 -4.112186
3204 0.0000039241 0.726394 3.684107 1.118632 -2.982189 -4.112155
3243 0.0000025440 0.726389 3.684123 1.118658 -2.982220 -4.112174
3481 0.0000022230 0.726364 3.684121 1.118630 -2.982199 -4.112171
3661 0.0000012230 0.726384 3.684124 1.118646 -2.982213 -4.112165
3722 0.0000010970 0.726405 3.684114 1.118656 -2.982209 -4.112164
3754 0.0000008579 0.726388 3.684117 1.118648 -2.982212 -4.112166
3774 0.0000006483 0.726389 3.684121 1.118645 -2.982206 -4.112165
3799 0.0000003330 0.726392 3.684112 1.118649 -2.982208 -4.112167
4118 0.0000002017 0.726394 3.684115 1.118650 -2.982209 -4.112166
4428 0.0000001912 0.726392 3.684118 1.118649 -2.982208 -4.112167
4434 0.0000001306 0.726392 3.684117 1.118649 -2.982206 -4.112168
4521 0.0000001018 0.726392 3.684115 1.118649 -2.982207 -4.112168
4547 0.0000000902 0.726392 3.684115 1.118649 -2.982207 -4.112167
4622 0.0000000764 0.726393 3.684115 1.118650 -2.982208 -4.112167
4681 0.0000000643 0.726392 3.684115 1.118649 -2.982208 -4.112168
4687 0.0000000573 0.726392 3.684115 1.118649 -2.982207 -4.112167
4826 0.0000000389 0.726392 3.684116 1.118649 -2.982208 -4.112167
4905 0.0000000374 0.726391 3.684116 1.118648 -2.982208 -4.112167
4906 0.0000000255 0.726392 3.684116 1.118649 -2.982208 -4.112167
4946 0.0000000117 0.726392 3.684116 1.118649 -2.982208 -4.112167
5155 0.0000000088 0.726392 3.684116 1.118649 -2.982208 -4.112167
5214 0.0000000050 0.726392 3.684116 1.118649 -2.982208 -4.112167
5421 0.0000000048 0.726392 3.684116 1.118649 -2.982208 -4.112167
5448 0.0000000036 0.726392 3.684116 1.118649 -2.982208 -4.112167
5634 0.0000000028 0.726392 3.684116 1.118649 -2.982208 -4.112167
5639 0.0000000025 0.726392 3.684116 1.118649 -2.982208 -4.112167
5668 0.0000000024 0.726392 3.684116 1.118649 -2.982208 -4.112167
5692 0.0000000019 0.726392 3.684116 1.118649 -2.982208 -4.112167
5787 0.0000000011 0.726392 3.684116 1.118649 -2.982208 -4.112167
5839 0.0000000008 0.726392 3.684116 1.118649 -2.982208 -4.112167
5852 0.0000000006 0.726392 3.684116 1.118649 -2.982208 -4.112167
5927 0.0000000005 0.726392 3.684116 1.118649 -2.982208 -4.112167
6266 0.0000000004 0.726392 3.684116 1.118649 -2.982208 -4.112167
6309 0.0000000003 0.726392 3.684116 1.118649 -2.982208 -4.112167
6762 0.0000000001 0.726392 3.684116 1.118649 -2.982208 -4.112167
7652 0.0000000000 0.726392 3.684116 1.118649 -2.982208 -4.112167
10000 0.0000000000 0.726392 3.684116 1.118649 -2.982208 -4.112167
