evaluations raw_y x0 x1 x2 x3 x4
1 11.7250917880 2.312228 3.960334 3.963943 -4.814772 -2.858723
2 5.1427480612 1.655959 0.370704 0.910195 -1.504926 3.342201
5 4.8746855610 0.432372 2.616142 0.032979 -0.153000 -3.392177
6 4.2198641453 4.927466 1.795756 -0.087348 2.363422 1.869555
7 3.2351469156 -4.904707 2.043436 -1.903289 2.424916 -1.931449
11 2.0978204724 1.395112 -4.673126 -3.719305 4.380517 1.234336
13 2.0813926376 1.864631 1.557633 -2.721392 2.862845 0.747312
30 1.2081777845 -0.445988 -1.686245 -2.770061 -0.881812 -1.431336
58 0.9291119250 -0.669504 0.092519 -5.000000 0.326202 1.515327
86 0.7732693061 -3.623581 -4.364004 -5.000000 -0.942144 1.234336
89 0.1736647862 -1.144890 -3.189781 -5.000000 0.379354 -0.205670
121 0.0208394076 -0.782653 -2.444855 -5.000000 2.843314 0.745700
183 0.0148159343 -0.035352 -1.506803 -4.963547 1.913333 0.228509
299 0.0108624406 -0.083765 -1.958239 -4.978702 1.515806 1.077997
342 0.0080680417 -0.581763 -2.147705 -5.000000 0.915231 1.052326
375 0.0072008574 -0.714379 -2.818984 -5.000000 1.495823 0.965832
434 0.0062730594 -0.481865 -2.016279 -4.831878 1.012209 0.281253
445 0.0047013769 -0.557023 -2.687799 -4.982795 0.829435 0.669485
482 0.0041464672 -0.636192 -2.825243 -4.989015 0.809632 0.622547
557 0.0037819777 -0.730896 -2.825243 -4.983498 0.929518 0.622547
567 0.0036681354 -0.581763 -2.639402 -4.982364 0.915231 0.305879
568 0.0035523685 -0.572155 -2.713121 -5.000000 0.792644 0.434764
570 0.0030716519 -0.766255 -2.687799 -4.956110 0.829435 0.511773
627 0.0026511798 -0.766159 -2.713807 -4.981904 0.852382 0.454744
629 0.0023766391 -0.731833 -2.711695 -4.945828 0.855284 0.408119
672 0.0023546567 -0.678694 -2.605712 -4.925141 0.877665 0.216853
683 0.0023348031 -0.725994 -2.638479 -4.962811 0.841530 0.265646
696 0.0022491140 -0.728298 -2.598461 -4.913751 0.863116 0.115614
727 0.0021694457 -0.768329 -2.616623 -4.936299 0.837721 0.194000
757 0.0016422589 -0.797288 -2.729484 -4.936324 0.792822 0.250403
790 0.0013463246 -0.700868 -2.712074 -4.893877 0.891691 0.110118
823 0.0012756252 -0.764977 -2.820411 -4.927371 0.833795 0.209162
840 0.0011605288 -0.700868 -2.797444 -4.899755 0.891691 0.110118
855 0.0010954518 -0.703892 -2.756576 -4.901581 0.862974 0.121884
865 0.0010879317 -0.720252 -2.806671 -4.899755 0.891691 0.110118
867 0.0010081192 -0.739830 -2.814088 -4.927759 0.847842 0.120983
869 0.0008508317 -0.778805 -2.802615 -4.898450 0.861805 0.155691
876 0.0007489288 -0.788627 -2.784801 -4.897086 0.855669 0.142825
946 0.0005808987 -0.726388 -2.772141 -4.862071 0.803032 0.102039
954 0.0004714152 -0.797068 -2.833322 -4.872025 0.851793 0.111446
1004 0.0004371459 -0.797068 -2.799459 -4.838542 0.851793 0.089686
1005 0.0004366392 -0.772213 -2.794177 -4.865865 0.821383 0.107795
1024 0.0003989270 -0.777825 -2.818917 -4.856058 0.835298 0.077934
1040 0.0003915983 -0.742945 -2.834171 -4.861526 0.801016 0.093739
1041 0.0003677188 -0.777053 -2.836839 -4.852010 0.841433 0.088438
1066 0.0003206243 -0.765852 -2.835963 -4.855135 0.828161 0.088438
1079 0.0003174602 -0.804783 -2.828786 -4.844026 0.837139 0.083115
1105 0.0003101846 -0.775480 -2.812959 -4.840720 0.835033 0.084051
1130 0.0002677390 -0.801101 -2.830630 -4.838445 0.834370 0.080393
1146 0.0001832367 -0.793014 -2.820150 -4.828838 0.825570 0.081131
1196 0.0001500698 -0.789027 -2.831813 -4.828838 0.803153 0.099231
1204 0.0001062279 -0.793808 -2.828819 -4.819004 0.807088 0.092780
1218 0.0000591601 -0.794769 -2.834949 -4.811162 0.804561 0.082347
1318 0.0000580392 -0.799783 -2.834668 -4.811162 0.804921 0.085299
1349 0.0000393898 -0.797447 -2.833355 -4.811794 0.799420 0.083581
1363 0.0000375435 -0.798328 -2.835618 -4.812291 0.800289 0.082324
1376 0.0000331150 -0.803657 -2.830771 -4.811399 0.798471 0.083735
1402 0.0000237017 -0.793528 -2.830895 -4.811611 0.793550 0.076996
1424 0.0000149475 -0.801306 -2.831170 -4.811750 0.791350 0.079975
1535 0.0000138177 -0.801434 -2.832472 -4.813489 0.792603 0.079847
1561 0.0000135649 -0.803840 -2.831222 -4.811514 0.794073 0.079807
1584 0.0000131164 -0.802208 -2.833137 -4.812240 0.792397 0.080224
1588 0.0000114646 -0.802696 -2.832729 -4.812481 0.794185 0.078869
1609 0.0000106457 -0.803270 -2.832680 -4.812057 0.792331 0.079767
1634 0.0000098395 -0.801409 -2.835731 -4.811255 0.794198 0.078214
1640 0.0000079294 -0.804316 -2.835288 -4.813283 0.793485 0.078338
1665 0.0000071822 -0.802552 -2.836514 -4.813234 0.792956 0.077923
1680 0.0000070530 -0.801136 -2.835795 -4.812394 0.791884 0.077195
1690 0.0000052173 -0.802796 -2.836514 -4.811632 0.792666 0.077612
1715 0.0000049829 -0.803342 -2.836864 -4.811192 0.793482 0.076785
1730 0.0000047805 -0.802388 -2.838079 -4.812424 0.791388 0.077275
1754 0.0000042693 -0.803124 -2.837738 -4.812544 0.792270 0.076966
1757 0.0000039569 -0.803471 -2.835802 -4.811632 0.791938 0.076965
1763 0.0000016537 -0.804361 -2.837281 -4.811055 0.791274 0.076975
1838 0.0000016417 -0.804305 -2.837154 -4.810914 0.791274 0.076930
1852 0.0000015944 -0.805132 -2.837826 -4.810491 0.791891 0.077373
1877 0.0000015546 -0.805084 -2.837425 -4.810491 0.791891 0.077083
1891 0.0000013667 -0.804782 -2.838539 -4.810806 0.791160 0.077245
1913 0.0000012309 -0.804305 -2.837870 -4.810914 0.791111 0.076708
1917 0.0000011348 -0.804623 -2.837982 -4.811031 0.791163 0.076818
1948 0.0000007422 -0.805185 -2.838482 -4.810951 0.791255 0.076934
2027 0.0000006681 -0.805274 -2.838302 -4.810746 0.791172 0.076970
2048 0.0000006589 -0.805099 -2.838455 -4.810887 0.791113 0.076813
2071 0.0000006537 -0.805662 -2.838522 -4.811175 0.791261 0.076924
2103 0.0000006369 -0.804896 -2.838663 -4.810866 0.791114 0.076587
2115 0.0000004435 -0.805589 -2.838439 -4.810911 0.791163 0.076766
2128 0.0000003243 -0.805538 -2.838602 -4.810866 0.791201 0.076587
2169 0.0000003071 -0.805419 -2.838585 -4.810841 0.791123 0.076491
2177 0.0000001743 -0.805710 -2.838508 -4.810683 0.791148 0.076461
2299 0.0000001694 -0.805681 -2.838640 -4.810744 0.791116 0.076467
2310 0.0000001344 -0.805714 -2.838603 -4.810677 0.791110 0.076461
2435 0.0000001058 -0.805660 -2.838634 -4.810497 0.791140 0.076587
2458 0.0000000653 -0.805797 -2.838679 -4.810577 0.791146 0.076480
2500 0.0000000552 -0.805715 -2.838656 -4.810483 0.791121 0.076508
2531 0.0000000508 -0.805756 -2.838607 -4.810488 0.791135 0.076461
2558 0.0000000504 -0.805797 -2.838635 -4.810504 0.791146 0.076498
2592 0.0000000383 -0.805763 -2.838656 -4.810513 0.791125 0.076474
2606 0.0000000371 -0.805784 -2.838674 -4.810518 0.791121 0.076490
2631 0.0000000366 -0.805772 -2.838675 -4.810518 0.791124 0.076481
2651 0.0000000314 -0.805816 -2.838677 -4.810513 0.791141 0.076467
2672 0.0000000246 -0.805771 -2.838691 -4.810490 0.791129 0.076470
2732 0.0000000242 -0.805818 -2.838670 -4.810483 0.791134 0.076481
2772 0.0000000223 -0.805773 -2.838685 -4.810495 0.791122 0.076460
2789 0.0000000198 -0.805775 -2.838687 -4.810485 0.791120 0.076463
2797 0.0000000164 -0.805805 -2.838685 -4.810496 0.791122 0.076461
2801 0.0000000138 -0.805806 -2.838683 -4.810483 0.791118 0.076468
2805 0.0000000092 -0.805808 -2.838693 -4.810482 0.791120 0.076458
2880 0.0000000088 -0.805811 -2.838693 -4.810483 0.791118 0.076459
2914 0.0000000086 -0.805803 -2.838693 -4.810482 0.791110 0.076457
2919 0.0000000069 -0.805826 -2.838701 -4.810485 0.791118 0.076463
2936 0.0000000041 -0.805820 -2.838706 -4.810485 0.791112 0.076460
3002 0.0000000031 -0.805819 -2.838709 -4.810484 0.791111 0.076456
3068 0.0000000027 -0.805828 -2.838706 -4.810482 0.791114 0.076458
3137 0.0000000021 -0.805826 -2.838704 -4.810483 0.791110 0.076457
3217 0.0000000017 -0.805825 -2.838707 -4.810483 0.791110 0.076457
3258 0.0000000014 -0.805823 -2.838707 -4.810482 0.791110 0.076455
3276 0.0000000012 -0.805825 -2.838709 -4.810482 0.791111 0.076456
3301 0.0000000008 -0.805825 -2.838708 -4.810481 0.791110 0.076456
3422 0.0000000006 -0.805827 -2.838708 -4.810480 0.791110 0.076456
3461 0.0000000003 -0.805828 -2.838708 -4.810480 0.791110 0.076456
3582 0.0000000002 -0.805828 -2.838708 -4.810480 0.791110 0.076456
3632 0.0000000001 -0.805828 -2.838709 -4.810480 0.791110 0.076456
10000 0.0000000000 -0.805828 -2.838709 -4.810480 0.791110 0.076455
