evaluations raw_y x0 x1 x2 x3 x4
1 62.1325082757 0.360460 -2.745707 -3.611510 4.937283 -0.523551
2 15.4092794263 1.546349 1.420376 -3.970849 -3.896410 -3.791797
57 14.0292237664 -2.267871 2.637645 -0.818647 -4.856578 -3.460837
61 13.8207698164 -0.334449 -0.720415 -1.450914 -4.843084 -2.487155
79 13.0005157945 0.435387 2.219245 -1.258575 -3.358165 -1.182884
89 12.8667632089 -1.877073 -0.604358 -2.808017 -0.612589 -1.450103
98 10.8613402577 -5.000000 0.609383 -4.733184 -1.500944 0.315874
106 10.4124886348 -2.210406 2.438363 -2.981108 -3.657143 -1.615599
136 10.0358411459 -1.114546 1.207356 -1.526288 -3.817344 -1.671864
152 7.2005445421 -3.773256 2.214116 -1.912794 -4.720267 -1.581884
154 5.9679381077 -4.198186 3.220515 -2.872222 -4.271661 -1.274835
348 5.5895023561 -2.848762 2.371963 -4.044614 -4.349548 -0.350602
372 4.1450841817 -2.751062 2.554294 -3.440563 -3.623226 -0.598091
451 3.3872940525 -2.751062 2.554294 -3.512101 -3.647750 -0.795568
798 2.5223881047 -3.046027 2.514182 -5.000000 -4.164505 -0.456024
929 2.2386524059 -3.133669 2.046472 -4.631767 -4.035963 -0.391702
1109 2.2350676290 -3.100909 2.089289 -5.000000 -4.335855 -0.335379
1124 1.5050292090 -3.019914 2.723054 -4.486827 -4.148573 -0.579451
1221 1.2924334412 -3.089393 2.812485 -4.274470 -4.236197 -0.604422
1241 1.0360291387 -3.160241 2.546785 -4.512108 -4.175240 -0.508945
1253 0.6857210128 -3.019914 2.723054 -4.277832 -4.237451 -0.616417
1464 0.6404728010 -3.039341 2.737558 -4.432394 -4.206569 -0.573856
1517 0.2586691714 -3.050346 2.677058 -4.360843 -4.194960 -0.624011
1853 0.2007859958 -3.031877 2.691545 -4.354173 -4.206147 -0.626203
1878 0.0012921383 -3.035670 2.694679 -4.340495 -4.246917 -0.652120
1950 0.0004718703 -3.058602 2.690549 -4.351446 -4.259820 -0.632964
2101 0.0004654931 -3.059144 2.692835 -4.353866 -4.262192 -0.631873
2156 0.0003160540 -3.072729 2.693960 -4.355127 -4.249495 -0.630409
2255 0.0002737940 -3.067881 2.691992 -4.354370 -4.256800 -0.630315
2260 0.0001976741 -3.063228 2.689378 -4.354921 -4.254121 -0.629605
2359 0.0001108777 -3.064806 2.695619 -4.355416 -4.255257 -0.630153
2552 0.0000712579 -3.064493 2.697515 -4.354278 -4.252626 -0.631788
2601 0.0000565072 -3.065151 2.693602 -4.355311 -4.251839 -0.629796
2752 0.0000408503 -3.065436 2.695930 -4.354562 -4.253310 -0.631634
2757 0.0000281166 -3.063756 2.695872 -4.353739 -4.252821 -0.633460
3083 0.0000254903 -3.064091 2.694896 -4.354913 -4.253097 -0.633118
3154 0.0000218416 -3.065589 2.694047 -4.354740 -4.252443 -0.631383
3168 0.0000158951 -3.065407 2.694254 -4.354582 -4.252642 -0.631638
3170 0.0000126924 -3.065356 2.694838 -4.354381 -4.252595 -0.632115
3251 0.0000120649 -3.064597 2.695115 -4.354381 -4.252702 -0.631917
3275 0.0000117804 -3.064606 2.695125 -4.354559 -4.252788 -0.631922
3328 0.0000072643 -3.064927 2.694583 -4.354635 -4.252803 -0.632018
3379 0.0000063765 -3.064880 2.694640 -4.354543 -4.252755 -0.632310
3407 0.0000044218 -3.064813 2.694930 -4.354417 -4.252738 -0.632015
3490 0.0000036051 -3.064927 2.695061 -4.354302 -4.252784 -0.632254
3501 0.0000025450 -3.064893 2.695081 -4.354316 -4.252758 -0.632247
3514 0.0000023428 -3.064940 2.695019 -4.354374 -4.252799 -0.632219
3558 0.0000017249 -3.064843 2.695067 -4.354423 -4.252827 -0.632208
3612 0.0000011619 -3.064855 2.694971 -4.354491 -4.252821 -0.632231
3937 0.0000009606 -3.064850 2.694935 -4.354455 -4.252812 -0.632219
4008 0.0000008443 -3.064846 2.694988 -4.354424 -4.252818 -0.632212
4017 0.0000006526 -3.064870 2.694976 -4.354423 -4.252815 -0.632256
4135 0.0000004312 -3.064854 2.694984 -4.354435 -4.252802 -0.632267
4203 0.0000004103 -3.064848 2.694988 -4.354430 -4.252811 -0.632249
4264 0.0000003209 -3.064845 2.695000 -4.354426 -4.252808 -0.632256
4484 0.0000002530 -3.064876 2.694977 -4.354430 -4.252795 -0.632239
4546 0.0000000694 -3.064863 2.694978 -4.354424 -4.252795 -0.632247
4672 0.0000000675 -3.064869 2.694975 -4.354430 -4.252796 -0.632240
4806 0.0000000094 -3.064865 2.694976 -4.354428 -4.252794 -0.632237
5088 0.0000000089 -3.064862 2.694979 -4.354421 -4.252793 -0.632241
5474 0.0000000072 -3.064865 2.694975 -4.354425 -4.252791 -0.632240
5630 0.0000000068 -3.064865 2.694975 -4.354424 -4.252792 -0.632239
5661 0.0000000065 -3.064865 2.694974 -4.354425 -4.252792 -0.632238
5740 0.0000000062 -3.064865 2.694974 -4.354425 -4.252792 -0.632238
5743 0.0000000051 -3.064865 2.694975 -4.354426 -4.252792 -0.632238
5803 0.0000000049 -3.064865 2.694975 -4.354426 -4.252792 -0.632239
5829 0.0000000027 -3.064865 2.694976 -4.354425 -4.252792 -0.632239
6082 0.0000000025 -3.064864 2.694976 -4.354425 -4.252792 -0.632239
6116 0.0000000024 -3.064864 2.694976 -4.354424 -4.252792 -0.632239
6390 0.0000000023 -3.064864 2.694977 -4.354424 -4.252793 -0.632240
6423 0.0000000018 -3.064864 2.694976 -4.354425 -4.252793 -0.632240
6558 0.0000000017 -3.064864 2.694976 -4.354425 -4.252793 -0.632240
6624 0.0000000013 -3.064864 2.694977 -4.354425 -4.252793 -0.632240
6833 0.0000000011 -3.064864 2.694976 -4.354425 -4.252793 -0.632239
6846 0.0000000009 -3.064864 2.694976 -4.354425 -4.252793 -0.632239
6910 0.0000000007 -3.064864 2.694976 -4.354425 -4.252793 -0.632239
7051 0.0000000006 -3.064864 2.694976 -4.354425 -4.252793 -0.632239
7453 0.0000000005 -3.064864 2.694976 -4.354425 -4.252793 -0.632239
7474 0.0000000004 -3.064864 2.694976 -4.354425 -4.252793 -0.632239
7733 0.0000000003 -3.064864 2.694976 -4.354425 -4.252793 -0.632239
8746 0.0000000002 -3.064864 2.694976 -4.354425 -4.252793 -0.632239
10000 0.0000000002 -3.064864 2.694976 -4.354425 -4.252793 -0.632239
