evaluations raw_y x0 x1 x2 x3 x4
1 21.5928558118 -4.667831 0.078342 3.836129 -1.585905 3.335728
2 5.9142425717 2.375908 -2.352161 -0.610762 1.371215 -4.755112
13 5.7861819399 -1.397416 2.537018 -2.276675 -0.824796 -0.985156
15 4.5670250263 2.229044 3.344582 -1.661851 -4.738180 -1.819111
23 3.9009890590 4.432009 2.545264 3.507607 -1.239518 -2.392360
32 3.2895723183 1.799276 -0.352161 1.389238 -0.258685 -2.755112
45 2.0457395703 3.761991 3.345245 0.338149 -3.712224 -2.605291
83 1.7012789570 1.185454 3.361255 2.131568 -2.171994 -1.744855
92 1.3993876027 0.163449 4.761067 2.257881 -2.026127 -2.567043
117 1.3154142281 -0.814546 4.636876 0.629775 -3.867520 -2.507650
123 1.1984596135 2.446365 3.554250 0.253999 -3.577992 -3.562268
127 0.6614055798 0.992624 3.632949 0.985731 -2.113722 -4.488480
230 0.5366670080 1.068398 3.760645 1.508166 -2.991600 -5.000000
331 0.4295345017 0.710220 3.626173 1.046374 -3.340978 -5.000000
581 0.3391162180 0.869126 3.955591 1.194761 -3.015771 -4.567325
775 0.2851046975 0.747523 3.766196 0.969354 -2.915838 -4.444502
924 0.2816927927 0.826077 3.787715 1.345800 -2.764121 -4.378039
943 0.2605487633 0.843462 3.411386 1.229313 -3.056697 -4.187641
1049 0.2463177934 0.751717 3.468273 1.101895 -2.865619 -4.427250
1154 0.1884047145 0.670096 3.579925 1.164896 -2.963465 -4.604388
1343 0.1586381430 0.541317 3.691208 1.130606 -2.887949 -4.379613
1459 0.1546595927 0.534624 3.786123 1.224263 -2.966969 -4.399003
1467 0.1295340130 0.639327 3.722778 1.230071 -2.956024 -4.370142
1669 0.1141654900 0.713356 3.698200 1.193358 -2.982429 -4.308696
1705 0.0981013459 0.684654 3.790326 1.164195 -3.062604 -4.128175
1731 0.0801003162 0.576378 3.671174 1.059012 -2.976280 -4.166534
1863 0.0567049814 0.632353 3.739797 1.111385 -3.013500 -4.129823
1867 0.0536490527 0.707864 3.627168 1.065423 -2.971766 -4.101087
2026 0.0481787775 0.658592 3.658387 1.078499 -2.945495 -4.134523
2125 0.0375231109 0.719003 3.628950 1.106514 -2.987546 -4.129797
2263 0.0248724178 0.696466 3.722177 1.124393 -2.987848 -4.113093
2295 0.0198142762 0.710784 3.684086 1.093028 -2.952530 -4.114853
2391 0.0184580689 0.718071 3.687884 1.123311 -2.971786 -4.099286
2477 0.0153273458 0.701443 3.674535 1.099100 -2.988433 -4.110170
2691 0.0104775986 0.719026 3.678792 1.099905 -2.960342 -4.108267
2718 0.0097240414 0.717225 3.693836 1.120870 -2.975696 -4.117820
2839 0.0073972682 0.727364 3.696292 1.117421 -2.989486 -4.106083
2873 0.0067159694 0.716408 3.693945 1.117127 -2.983147 -4.108900
2934 0.0040821141 0.737456 3.690511 1.123410 -2.976811 -4.112760
3269 0.0039415898 0.741449 3.687851 1.125410 -2.978429 -4.110867
3392 0.0027691988 0.737613 3.686217 1.122720 -2.977200 -4.111586
3451 0.0021531979 0.725099 3.689824 1.116651 -2.980909 -4.111378
3629 0.0020972113 0.732682 3.684683 1.121439 -2.981185 -4.110454
3661 0.0019687895 0.727801 3.677631 1.118525 -2.981093 -4.111734
3749 0.0017838561 0.729864 3.683896 1.120142 -2.980027 -4.111789
3779 0.0012186036 0.730160 3.684418 1.119700 -2.980268 -4.112022
3841 0.0009067038 0.726656 3.681395 1.117449 -2.981237 -4.111003
3906 0.0007074370 0.727292 3.683273 1.117864 -2.981315 -4.110766
3933 0.0006601022 0.728471 3.684244 1.119773 -2.981567 -4.112583
4056 0.0005485715 0.727701 3.682801 1.119078 -2.982501 -4.111348
4147 0.0004914700 0.727824 3.683419 1.118744 -2.982032 -4.111076
4179 0.0004703964 0.728089 3.683601 1.118786 -2.981863 -4.111052
4327 0.0003444734 0.727672 3.683131 1.118956 -2.982176 -4.111510
4492 0.0002394077 0.727041 3.683280 1.118711 -2.982044 -4.111806
4619 0.0001207625 0.726992 3.683642 1.118932 -2.982224 -4.112056
4968 0.0000758828 0.726815 3.683820 1.118727 -2.981953 -4.112119
5052 0.0000582713 0.726364 3.684252 1.118706 -2.982100 -4.112331
5377 0.0000546656 0.726546 3.684180 1.118660 -2.982192 -4.112175
5382 0.0000404941 0.726610 3.683973 1.118725 -2.982078 -4.112195
5773 0.0000395170 0.726589 3.684022 1.118675 -2.982131 -4.112102
6055 0.0000326434 0.726517 3.683921 1.118741 -2.982227 -4.112193
6091 0.0000317670 0.726539 3.683925 1.118726 -2.982215 -4.112162
6259 0.0000292794 0.726441 3.684016 1.118705 -2.982234 -4.112206
6289 0.0000275009 0.726453 3.684060 1.118701 -2.982198 -4.112168
6290 0.0000238050 0.726370 3.684153 1.118694 -2.982214 -4.112235
6291 0.0000150540 0.726374 3.684135 1.118672 -2.982217 -4.112183
6769 0.0000141319 0.726391 3.684165 1.118671 -2.982220 -4.112172
6900 0.0000139816 0.726382 3.684158 1.118675 -2.982198 -4.112214
7138 0.0000074032 0.726415 3.684108 1.118651 -2.982227 -4.112134
7330 0.0000063398 0.726428 3.684131 1.118651 -2.982221 -4.112126
7532 0.0000055372 0.726408 3.684156 1.118668 -2.982218 -4.112168
7695 0.0000051379 0.726371 3.684154 1.118653 -2.982231 -4.112170
7949 0.0000046747 0.726417 3.684144 1.118653 -2.982209 -4.112146
8416 0.0000041699 0.726390 3.684134 1.118649 -2.982204 -4.112165
8995 0.0000031294 0.726385 3.684119 1.118640 -2.982207 -4.112163
9011 0.0000029567 0.726414 3.684115 1.118661 -2.982201 -4.112170
9433 0.0000021744 0.726400 3.684118 1.118654 -2.982211 -4.112167
9943 0.0000015133 0.726401 3.684108 1.118646 -2.982206 -4.112158
10000 0.0000139974 0.726397 3.684114 1.118629 -2.982224 -4.112159
