evaluations raw_y x0 x1 x2 x3 x4
1 4.2863366947 4.475620 -3.576596 -2.251301 -4.816574 1.002717
2 3.3509298314 -0.853562 -4.640653 -1.304276 3.900125 4.574620
3 2.4646898409 1.205449 -3.345669 -3.791863 -4.819976 -0.407839
6 0.5038421317 -2.597591 -2.014956 -3.948727 1.478660 2.155818
46 0.4792748356 0.169611 -2.014956 -3.948727 1.478660 2.155818
48 0.0540225667 1.540447 -1.714834 -5.000000 1.102088 5.000000
80 0.0370051427 0.858877 -1.548159 -5.000000 3.609807 2.215144
120 0.0248000749 0.081752 -1.548159 -4.991929 2.798428 2.215144
123 0.0138720084 -0.132325 -2.662117 -5.000000 0.834364 2.260193
146 0.0128865561 -0.014337 -2.733224 -4.832274 1.055361 2.252357
327 0.0121903582 0.378987 -1.573861 -4.811179 1.142508 0.211130
381 0.0102980593 0.196107 -2.239713 -5.000000 1.090799 0.765619
481 0.0099058062 0.196107 -2.239713 -5.000000 1.312987 0.790999
517 0.0066366765 -0.710668 -2.157707 -5.000000 1.115207 0.677084
543 0.0036228225 -0.654452 -2.836080 -4.923107 0.834364 0.579219
657 0.0034986338 -0.710668 -2.758770 -4.845347 1.115207 0.233832
677 0.0034932265 -0.710668 -2.758770 -4.845347 1.114464 0.233832
800 0.0022677377 -0.761848 -2.631734 -4.962301 0.810877 0.251233
803 0.0016856235 -0.805589 -2.836080 -4.956245 0.834364 0.279949
965 0.0015666710 -0.798652 -2.753188 -4.823803 0.832727 0.320081
1020 0.0015563455 -0.799249 -2.720609 -4.890970 0.810877 0.251233
1043 0.0013187632 -0.805589 -2.836080 -4.956245 0.834364 0.081804
1066 0.0010784385 -0.772100 -2.837562 -4.949078 0.848650 0.162681
1213 0.0008602252 -0.721249 -2.820957 -4.865015 0.838178 0.140837
1253 0.0008328294 -0.742546 -2.834283 -4.865015 0.854408 0.140374
1273 0.0007664951 -0.740201 -2.834283 -4.854986 0.854408 0.123442
1313 0.0005489395 -0.740201 -2.834283 -4.854986 0.791887 0.123442
1326 0.0004885695 -0.770752 -2.742211 -4.821927 0.832863 0.094036
1332 0.0004769529 -0.710271 -2.804826 -4.827978 0.821744 0.079190
1385 0.0002997998 -0.796286 -2.835384 -4.828392 0.803690 0.131514
1414 0.0002862887 -0.801733 -2.771798 -4.831990 0.799748 0.116174
1443 0.0000914055 -0.802207 -2.836706 -4.827453 0.806854 0.091307
1703 0.0000612599 -0.798478 -2.836706 -4.819304 0.793197 0.091307
1743 0.0000612567 -0.798479 -2.836706 -4.819304 0.793197 0.091307
1783 0.0000430852 -0.790362 -2.835928 -4.816109 0.793197 0.082104
1798 0.0000331499 -0.795809 -2.831908 -4.819270 0.792176 0.078839
1823 0.0000244214 -0.798352 -2.835928 -4.814947 0.793197 0.082104
1962 0.0000239280 -0.802945 -2.834362 -4.816330 0.793727 0.083624
1978 0.0000210249 -0.795809 -2.831908 -4.813443 0.792176 0.078839
1981 0.0000208268 -0.796650 -2.832148 -4.814586 0.792151 0.078598
1996 0.0000144450 -0.797917 -2.835709 -4.811770 0.791383 0.078670
2016 0.0000143427 -0.797321 -2.835709 -4.812625 0.791383 0.078130
2019 0.0000136489 -0.799266 -2.838703 -4.813245 0.794143 0.077929
2061 0.0000130490 -0.799266 -2.838401 -4.814586 0.792151 0.077929
2127 0.0000097731 -0.802205 -2.837214 -4.813202 0.794744 0.077664
2143 0.0000093752 -0.803739 -2.837705 -4.812680 0.794160 0.079520
2147 0.0000082984 -0.803167 -2.837214 -4.810616 0.794744 0.077664
2163 0.0000074910 -0.804237 -2.837705 -4.812680 0.793023 0.079520
2179 0.0000049159 -0.805538 -2.838703 -4.812954 0.793568 0.077929
2181 0.0000048994 -0.802141 -2.838401 -4.812085 0.792100 0.076892
2261 0.0000048757 -0.802154 -2.838401 -4.812085 0.792100 0.076892
2332 0.0000046308 -0.803366 -2.836908 -4.812284 0.792882 0.076886
2343 0.0000026237 -0.803958 -2.837705 -4.810978 0.791130 0.077513
2394 0.0000023527 -0.804395 -2.837097 -4.810609 0.791284 0.077517
2454 0.0000023467 -0.804408 -2.837096 -4.810609 0.791284 0.077517
2510 0.0000016075 -0.805770 -2.836962 -4.810622 0.791867 0.076856
2528 0.0000016057 -0.805445 -2.837092 -4.810673 0.791138 0.077435
2579 0.0000015749 -0.805549 -2.838703 -4.811650 0.791128 0.077507
2582 0.0000011749 -0.805366 -2.838172 -4.811441 0.791184 0.077079
2606 0.0000009777 -0.805354 -2.838522 -4.811093 0.791137 0.077206
2666 0.0000008659 -0.805649 -2.838522 -4.811022 0.791137 0.077273
2706 0.0000007501 -0.805649 -2.838522 -4.811022 0.791137 0.077162
2726 0.0000006318 -0.805649 -2.838204 -4.811022 0.791137 0.076742
2772 0.0000005286 -0.805561 -2.838294 -4.810956 0.791277 0.076742
2830 0.0000003679 -0.805770 -2.838402 -4.810734 0.791433 0.076458
2850 0.0000003677 -0.805770 -2.838402 -4.810734 0.791433 0.076461
2941 0.0000002931 -0.805764 -2.838579 -4.810580 0.791338 0.076820
2946 0.0000002237 -0.805522 -2.838376 -4.810581 0.791137 0.076539
3039 0.0000001872 -0.805505 -2.838703 -4.810640 0.791197 0.076493
3079 0.0000001423 -0.805546 -2.838703 -4.810532 0.791197 0.076510
3081 0.0000001415 -0.805718 -2.838579 -4.810580 0.791176 0.076599
3121 0.0000001255 -0.805718 -2.838579 -4.810540 0.791176 0.076599
3179 0.0000000967 -0.805716 -2.838703 -4.810532 0.791219 0.076510
3228 0.0000000521 -0.805791 -2.838637 -4.810529 0.791142 0.076478
3288 0.0000000435 -0.805789 -2.838637 -4.810518 0.791123 0.076478
3340 0.0000000398 -0.805734 -2.838706 -4.810498 0.791117 0.076478
3380 0.0000000301 -0.805799 -2.838647 -4.810498 0.791117 0.076469
3382 0.0000000232 -0.805789 -2.838705 -4.810488 0.791128 0.076484
3477 0.0000000163 -0.805794 -2.838698 -4.810497 0.791121 0.076463
3480 0.0000000122 -0.805816 -2.838707 -4.810498 0.791115 0.076469
3640 0.0000000074 -0.805816 -2.838707 -4.810488 0.791115 0.076464
3658 0.0000000052 -0.805814 -2.838701 -4.810483 0.791111 0.076459
3705 0.0000000037 -0.805826 -2.838702 -4.810481 0.791114 0.076460
4003 0.0000000033 -0.805821 -2.838704 -4.810481 0.791114 0.076459
4005 0.0000000024 -0.805826 -2.838708 -4.810481 0.791114 0.076460
4150 0.0000000015 -0.805827 -2.838705 -4.810480 0.791111 0.076456
4255 0.0000000014 -0.805823 -2.838708 -4.810482 0.791110 0.076456
4282 0.0000000010 -0.805827 -2.838707 -4.810481 0.791111 0.076456
4422 0.0000000009 -0.805827 -2.838708 -4.810481 0.791111 0.076456
4430 0.0000000005 -0.805827 -2.838708 -4.810480 0.791110 0.076456
4671 0.0000000004 -0.805827 -2.838708 -4.810480 0.791110 0.076456
4739 0.0000000003 -0.805828 -2.838709 -4.810480 0.791110 0.076455
4741 0.0000000001 -0.805828 -2.838709 -4.810480 0.791110 0.076455
10000 0.0000000000 -0.805828 -2.838709 -4.810480 0.791110 0.076455
