evaluations raw_y x0 x1 x2 x3 x4
1 20.0208184097 -4.136939 -0.552270 -4.848557 -2.269135 1.349973
2 5.3044640169 3.948396 3.912342 -0.110300 1.137696 -4.315353
18 1.3544277973 0.705689 1.710588 2.092115 -2.274768 -4.744449
134 1.1518244671 0.395735 5.000000 1.081526 -2.013079 -2.897529
137 0.8525720790 0.919974 2.963081 1.873247 -2.160117 -4.241443
183 0.7743002854 0.215499 2.963807 1.826529 -2.515457 -3.738854
196 0.4995344384 0.712693 3.498655 1.600446 -2.575256 -4.799513
287 0.3648521709 0.413918 3.441800 1.050999 -2.969427 -4.808553
400 0.3241005730 0.727515 3.490795 0.968686 -2.859913 -4.339464
469 0.2923170343 0.403204 3.560993 0.985754 -3.056449 -4.419098
484 0.1998550770 0.850617 3.544660 1.225314 -2.936288 -4.380429
507 0.1889484336 0.847588 3.661663 1.221166 -3.055125 -4.297884
550 0.0797290452 0.727515 3.652979 1.070130 -2.971273 -4.004010
580 0.0797040241 0.635547 3.652979 1.006193 -3.002799 -4.016737
700 0.0754242796 0.573882 3.723498 1.066011 -2.986264 -4.140294
708 0.0743000586 0.701606 3.736117 1.172345 -2.972739 -4.154978
736 0.0720669314 0.815446 3.625483 1.115952 -2.917072 -4.110843
750 0.0686361969 0.765246 3.604661 1.113703 -3.017314 -4.124595
752 0.0646236421 0.638222 3.640265 1.073299 -2.945544 -4.139620
756 0.0614950145 0.756862 3.714879 1.153429 -2.959785 -4.180378
765 0.0539795753 0.659268 3.665628 1.099027 -2.991268 -4.078397
782 0.0442580263 0.656187 3.682027 1.076997 -2.964217 -4.100592
790 0.0297875078 0.734430 3.640200 1.097504 -2.981058 -4.101358
807 0.0295231668 0.754651 3.650491 1.145106 -2.973303 -4.116767
813 0.0126743953 0.746686 3.686588 1.134924 -2.976471 -4.113470
897 0.0089574543 0.729278 3.669620 1.118223 -2.974055 -4.119426
974 0.0089356524 0.719179 3.690015 1.122201 -2.975943 -4.119946
1002 0.0061487335 0.717676 3.681721 1.116315 -2.984114 -4.107940
1038 0.0053723433 0.735701 3.683038 1.116557 -2.978674 -4.106484
1087 0.0036325682 0.736123 3.689149 1.122281 -2.980847 -4.108776
1181 0.0034968179 0.734901 3.685251 1.124187 -2.979656 -4.113024
1182 0.0022649269 0.718184 3.684000 1.113273 -2.980654 -4.112590
1201 0.0020523159 0.719947 3.683926 1.113694 -2.981673 -4.110863
1204 0.0018312351 0.720766 3.684739 1.113328 -2.981131 -4.110449
1240 0.0017724071 0.725012 3.684785 1.116033 -2.980330 -4.111931
1248 0.0012062431 0.722300 3.686611 1.115808 -2.980253 -4.112898
1274 0.0010438394 0.723756 3.682978 1.117665 -2.982041 -4.112299
1293 0.0006438228 0.725407 3.685092 1.117872 -2.980624 -4.113096
1311 0.0006155835 0.726229 3.685432 1.119156 -2.981635 -4.113131
1407 0.0005538931 0.727624 3.684506 1.118423 -2.981455 -4.111131
1428 0.0003954746 0.725282 3.684030 1.118013 -2.982126 -4.112017
1460 0.0002933978 0.726848 3.683616 1.117666 -2.981033 -4.111258
1532 0.0002788273 0.727340 3.684323 1.118607 -2.981567 -4.111672
1581 0.0001841262 0.726476 3.684181 1.118810 -2.982224 -4.112521
1636 0.0001307788 0.726576 3.684160 1.118649 -2.981995 -4.112046
1645 0.0001288665 0.726200 3.684271 1.118520 -2.982093 -4.112053
1655 0.0001263394 0.726549 3.684397 1.118657 -2.982142 -4.111967
1672 0.0001215808 0.726026 3.684335 1.118659 -2.982410 -4.112381
1704 0.0001088503 0.726759 3.684251 1.118763 -2.982042 -4.112070
1730 0.0001047598 0.726412 3.683906 1.118713 -2.981926 -4.112466
1760 0.0000628699 0.726412 3.683957 1.118572 -2.982057 -4.112140
1813 0.0000120933 0.726366 3.684080 1.118610 -2.982179 -4.112163
2049 0.0000076307 0.726389 3.684132 1.118658 -2.982185 -4.112197
2079 0.0000055243 0.726334 3.684137 1.118617 -2.982209 -4.112171
2169 0.0000021627 0.726395 3.684100 1.118654 -2.982204 -4.112176
2362 0.0000015610 0.726397 3.684110 1.118649 -2.982206 -4.112167
2408 0.0000009068 0.726389 3.684115 1.118648 -2.982206 -4.112171
2447 0.0000007816 0.726394 3.684111 1.118647 -2.982205 -4.112165
2515 0.0000007800 0.726388 3.684119 1.118647 -2.982207 -4.112169
2583 0.0000007756 0.726390 3.684106 1.118647 -2.982204 -4.112169
2587 0.0000006703 0.726394 3.684115 1.118649 -2.982206 -4.112168
2588 0.0000006321 0.726391 3.684111 1.118648 -2.982205 -4.112169
2598 0.0000004180 0.726398 3.684114 1.118650 -2.982209 -4.112162
2599 0.0000003033 0.726389 3.684112 1.118645 -2.982208 -4.112165
2700 0.0000001591 0.726392 3.684117 1.118648 -2.982207 -4.112166
2836 0.0000001144 0.726393 3.684117 1.118649 -2.982208 -4.112166
2852 0.0000000838 0.726392 3.684116 1.118648 -2.982207 -4.112167
2963 0.0000000577 0.726391 3.684116 1.118648 -2.982207 -4.112167
3046 0.0000000564 0.726392 3.684117 1.118649 -2.982207 -4.112167
3090 0.0000000499 0.726392 3.684117 1.118649 -2.982208 -4.112167
3142 0.0000000471 0.726392 3.684116 1.118649 -2.982208 -4.112167
3162 0.0000000450 0.726392 3.684116 1.118649 -2.982208 -4.112167
3176 0.0000000366 0.726392 3.684116 1.118649 -2.982208 -4.112167
3192 0.0000000167 0.726391 3.684116 1.118649 -2.982208 -4.112167
3366 0.0000000129 0.726392 3.684116 1.118649 -2.982208 -4.112167
3402 0.0000000094 0.726392 3.684116 1.118649 -2.982208 -4.112167
3470 0.0000000072 0.726392 3.684116 1.118649 -2.982208 -4.112167
3536 0.0000000063 0.726392 3.684116 1.118649 -2.982208 -4.112167
3597 0.0000000058 0.726392 3.684116 1.118649 -2.982208 -4.112167
3613 0.0000000051 0.726392 3.684116 1.118649 -2.982208 -4.112167
3736 0.0000000032 0.726392 3.684116 1.118649 -2.982208 -4.112167
3787 0.0000000027 0.726392 3.684116 1.118649 -2.982208 -4.112167
3828 0.0000000020 0.726392 3.684116 1.118649 -2.982208 -4.112167
3892 0.0000000019 0.726392 3.684116 1.118649 -2.982208 -4.112167
3927 0.0000000017 0.726392 3.684116 1.118649 -2.982208 -4.112167
4010 0.0000000016 0.726392 3.684116 1.118649 -2.982208 -4.112167
4061 0.0000000009 0.726392 3.684116 1.118649 -2.982208 -4.112167
4078 0.0000000008 0.726392 3.684116 1.118649 -2.982208 -4.112167
4218 0.0000000005 0.726392 3.684116 1.118649 -2.982208 -4.112167
4359 0.0000000004 0.726392 3.684116 1.118649 -2.982208 -4.112167
4393 0.0000000003 0.726392 3.684116 1.118649 -2.982208 -4.112167
4852 0.0000000002 0.726392 3.684116 1.118649 -2.982208 -4.112167
5328 0.0000000001 0.726392 3.684116 1.118649 -2.982208 -4.112167
10000 0.0000010452 0.726388 3.684115 1.118649 -2.982205 -4.112171
