evaluations raw_y x0 x1 x2 x3 x4
1 33.2362423294 0.865315 0.037094 -0.482519 4.058631 0.051673
3 26.1261226148 -3.070417 -3.433611 3.477547 -1.629351 4.661895
6 23.8857444628 -3.170094 -1.184185 2.647718 4.603679 1.375948
7 22.0828868558 0.438679 0.843361 3.777048 2.714863 0.117998
13 20.8907765874 -0.182823 -3.585942 -0.810668 1.553725 2.215758
35 17.3394326024 -0.649342 -1.730882 2.555572 -0.072407 2.571983
36 17.0198968646 -3.000463 0.877576 2.514573 1.049681 -0.380316
60 14.5056231253 -2.878749 -3.433611 2.600653 -2.329324 -0.776886
81 8.0851690441 -3.828166 -1.969631 2.030058 1.863389 -1.605341
126 6.4902559504 -4.116809 -5.000000 -0.221344 1.505521 -0.994771
151 4.1826922183 -4.386339 -4.853054 0.805974 0.805421 -1.972592
232 4.1444120182 -4.419326 -4.133434 2.067600 0.732452 -2.010732
252 2.1162090834 -3.268544 -4.853054 0.805974 0.805421 -1.972592
280 1.8816892359 -3.507579 -5.000000 2.870230 0.528287 -1.980548
303 1.5075470585 -3.268544 -4.853054 1.249178 0.805421 -1.972592
378 1.1494516289 -3.507579 -5.000000 1.432465 0.528287 -1.865244
409 0.8143718239 -3.657104 -4.187240 1.781182 0.740031 -1.716064
458 0.8067076104 -3.243137 -4.600813 1.880668 0.002396 -1.683501
479 0.6871749783 -3.657104 -4.096031 1.781182 0.740031 -1.716064
508 0.6702314999 -3.366865 -4.573086 1.846554 0.289792 -1.878264
557 0.4455759111 -3.243137 -4.600813 1.880668 0.145456 -1.683501
612 0.4109683182 -3.310662 -4.555446 1.465840 0.367971 -1.660394
657 0.3590207966 -3.261089 -4.776428 1.810799 0.426691 -1.874531
663 0.2534636646 -3.283736 -4.706189 1.892545 0.170523 -1.649617
708 0.2015847135 -3.292942 -4.555446 1.748061 0.367971 -1.758904
769 0.1568730548 -3.310572 -4.572964 2.015161 0.393612 -1.800099
810 0.1481896066 -3.231201 -4.614472 1.786431 0.292642 -1.711267
833 0.0844022106 -3.398146 -4.584496 1.847744 0.364862 -1.729526
883 0.0559650823 -3.257087 -4.619099 1.834235 0.376168 -1.724387
936 0.0519472255 -3.235033 -4.670701 1.831370 0.336675 -1.738592
954 0.0376557939 -3.257087 -4.619099 1.834235 0.344907 -1.724387
983 0.0172245620 -3.319120 -4.596283 1.864117 0.387679 -1.723027
1081 0.0137063872 -3.287074 -4.575679 1.801010 0.365839 -1.703639
1104 0.0090515215 -3.319120 -4.573654 1.864117 0.387679 -1.723027
1179 0.0085078068 -3.295426 -4.608262 1.832129 0.367823 -1.712226
1204 0.0024828400 -3.319120 -4.573654 1.832354 0.387679 -1.723027
1291 0.0023352507 -3.313726 -4.581549 1.827966 0.376143 -1.718039
1305 0.0017701436 -3.326781 -4.577846 1.821202 0.379426 -1.710772
1329 0.0015456977 -3.323917 -4.584074 1.823364 0.385040 -1.715582
1341 0.0009251456 -3.318995 -4.571497 1.832135 0.383383 -1.703017
1356 0.0004944171 -3.321802 -4.575613 1.831570 0.383674 -1.714873
1457 0.0003114146 -3.322589 -4.572009 1.832581 0.382454 -1.704219
1459 0.0000778982 -3.322564 -4.576085 1.832303 0.382707 -1.709256
1581 0.0000236517 -3.322631 -4.574098 1.829924 0.381327 -1.708340
1676 0.0000174628 -3.324626 -4.573832 1.832754 0.379447 -1.706627
1724 0.0000154481 -3.323851 -4.574927 1.831176 0.381299 -1.706477
1732 0.0000125386 -3.324626 -4.573832 1.832754 0.380538 -1.706627
1759 0.0000112170 -3.323387 -4.574570 1.831454 0.379523 -1.707314
1771 0.0000092727 -3.323835 -4.573091 1.830662 0.381830 -1.707176
1782 0.0000092508 -3.323387 -4.574152 1.831454 0.379760 -1.707314
1802 0.0000046239 -3.324037 -4.573522 1.831831 0.380302 -1.706891
1856 0.0000038484 -3.324037 -4.573616 1.831831 0.380302 -1.706891
1881 0.0000030218 -3.324037 -4.573616 1.831831 0.380547 -1.706891
1906 0.0000023354 -3.324363 -4.573616 1.831831 0.380547 -1.706891
1956 0.0000021989 -3.324363 -4.573616 1.831831 0.380547 -1.706824
1982 0.0000019107 -3.323947 -4.573895 1.831279 0.380932 -1.707249
2008 0.0000013151 -3.324002 -4.573862 1.831573 0.380835 -1.706948
2087 0.0000009761 -3.324056 -4.573882 1.831692 0.380846 -1.707310
2132 0.0000009692 -3.324056 -4.573882 1.831692 0.380846 -1.707440
2157 0.0000009568 -3.324056 -4.573882 1.831692 0.380846 -1.707430
2187 0.0000008556 -3.323959 -4.573981 1.831641 0.380648 -1.707360
2188 0.0000008137 -3.323660 -4.573995 1.831388 0.380538 -1.707131
2208 0.0000007167 -3.323959 -4.573981 1.831641 0.380648 -1.707266
2232 0.0000006070 -3.323993 -4.573981 1.831641 0.380648 -1.707266
2244 0.0000005565 -3.323918 -4.573923 1.831596 0.380753 -1.707040
2290 0.0000001547 -3.323903 -4.574061 1.831597 0.380726 -1.707302
2507 0.0000001458 -3.323903 -4.574061 1.831597 0.380797 -1.707302
2586 0.0000000977 -3.323868 -4.574072 1.831607 0.380756 -1.707227
2684 0.0000000970 -3.323868 -4.574072 1.831607 0.380744 -1.707227
2736 0.0000000963 -3.323853 -4.574094 1.831588 0.380786 -1.707261
2796 0.0000000829 -3.323800 -4.574109 1.831572 0.380764 -1.707241
2814 0.0000000707 -3.323886 -4.574070 1.831600 0.380765 -1.707273
2861 0.0000000423 -3.323856 -4.574087 1.831595 0.380762 -1.707276
2887 0.0000000329 -3.323853 -4.574085 1.831588 0.380752 -1.707264
2996 0.0000000272 -3.323875 -4.574075 1.831592 0.380775 -1.707275
3085 0.0000000270 -3.323857 -4.574089 1.831592 0.380760 -1.707274
3090 0.0000000206 -3.323862 -4.574083 1.831590 0.380767 -1.707271
3136 0.0000000090 -3.323856 -4.574089 1.831590 0.380761 -1.707272
3312 0.0000000076 -3.323861 -4.574083 1.831589 0.380761 -1.707270
3547 0.0000000058 -3.323858 -4.574087 1.831590 0.380762 -1.707273
3560 0.0000000043 -3.323858 -4.574087 1.831590 0.380762 -1.707273
4062 0.0000000022 -3.323859 -4.574085 1.831589 0.380762 -1.707273
4319 0.0000000016 -3.323857 -4.574086 1.831588 0.380765 -1.707273
4439 0.0000000012 -3.323858 -4.574086 1.831589 0.380763 -1.707272
4572 0.0000000008 -3.323858 -4.574086 1.831589 0.380763 -1.707273
4989 0.0000000005 -3.323858 -4.574086 1.831589 0.380763 -1.707273
6026 0.0000000004 -3.323858 -4.574086 1.831589 0.380764 -1.707273
6216 0.0000000003 -3.323858 -4.574086 1.831589 0.380764 -1.707273
7296 0.0000000002 -3.323858 -4.574086 1.831589 0.380764 -1.707273
8447 0.0000000001 -3.323858 -4.574086 1.831589 0.380764 -1.707273
10000 0.0000000001 -3.323858 -4.574086 1.831589 0.380764 -1.707273
