evaluations raw_y
1 17.1747961384
2 5.7488111695
3 1.5530322692
64 1.4408622072
138 1.3654776786
146 1.0815523431
210 0.9147814951
213 0.9008621363
225 0.7160373632
282 0.6948056501
290 0.6340956059
303 0.5494076123
334 0.3894406358
393 0.3876835414
403 0.3199750731
428 0.3148286849
434 0.2148665031
451 0.1570853036
452 0.1548524714
549 0.1197492126
573 0.0770276000
642 0.0391342031
695 0.0385917695
710 0.0345219385
725 0.0321512979
741 0.0257527834
785 0.0233465369
797 0.0228607977
809 0.0210715796
811 0.0207144623
816 0.0166257173
887 0.0134422681
912 0.0127758381
921 0.0122911884
940 0.0107587190
961 0.0107179273
986 0.0099794208
1001 0.0094204168
1034 0.0083336761
1048 0.0054537579
1058 0.0053708712
1099 0.0048565997
1100 0.0047658545
1122 0.0036865904
1134 0.0023213287
1274 0.0021669282
1299 0.0020692416
1321 0.0018402998
1435 0.0017682986
1444 0.0017391836
1446 0.0016096518
1470 0.0015998066
1478 0.0015980774
1482 0.0015021834
1487 0.0012965513
1507 0.0012504232
1514 0.0012125852
1533 0.0009905284
1626 0.0009558799
1628 0.0009267413
1630 0.0009220057
1638 0.0009149192
1658 0.0008886598
1660 0.0008785643
1668 0.0008395708
1686 0.0007714191
1693 0.0007694073
1768 0.0007554235
1821 0.0007430220
1825 0.0007293334
1828 0.0007118896
1841 0.0006594981
1873 0.0006542636
1918 0.0006480546
1922 0.0006468644
1949 0.0006170369
1951 0.0006150702
1969 0.0005993660
1982 0.0005938784
1998 0.0005825568
2037 0.0005825513
2041 0.0005799020
2042 0.0005798746
2047 0.0005705734
2077 0.0005685005
2127 0.0005602838
2137 0.0005577289
2149 0.0005556627
2184 0.0005548027
2202 0.0005547495
2221 0.0005542261
2222 0.0005532853
2240 0.0005515145
2248 0.0005488699
2286 0.0005430555
2314 0.0005407393
2377 0.0005328682
2396 0.0005294474
2471 0.0005291220
2483 0.0005270374
2519 0.0005267064
2545 0.0005266204
2553 0.0005264795
2559 0.0005258659
2576 0.0005251876
2579 0.0005240353
2596 0.0005233573
2610 0.0005232733
2612 0.0005224983
2640 0.0005223367
2644 0.0005195461
2663 0.0005154097
2668 0.0005139690
2761 0.0005139671
2782 0.0005128350
2791 0.0005126124
2792 0.0005119351
2801 0.0005112042
2806 0.0005106721
2830 0.0005106684
2834 0.0005104489
2838 0.0005103202
2861 0.0005102560
2875 0.0005095846
2878 0.0005091757
2900 0.0005091328
2901 0.0005090504
2905 0.0005088985
2927 0.0005083421
2941 0.0005081067
2964 0.0005080190
2986 0.0005074847
3006 0.0005067872
3019 0.0005066828
3020 0.0005064417
3026 0.0005064170
3034 0.0005061333
3065 0.0005060763
3066 0.0005058884
3078 0.0005051029
3115 0.0005048977
3119 0.0005048011
3141 0.0005047115
3154 0.0005039050
3174 0.0005035378
3181 0.0005032696
3183 0.0005030487
3199 0.0005028277
3212 0.0005024977
3219 0.0005022928
3230 0.0005020747
3250 0.0005018037
3256 0.0005016991
3262 0.0005015743
3279 0.0005015692
3284 0.0005015089
3290 0.0005015013
3291 0.0005013570
3301 0.0005008692
3303 0.0005002916
3323 0.0004999095
3348 0.0004991536
3380 0.0004990671
3384 0.0004981683
3388 0.0004973981
3413 0.0004971127
3415 0.0004960104
3431 0.0004949492
3498 0.0004948528
3502 0.0004937817
3504 0.0004929809
3538 0.0004924277
3541 0.0004917322
3560 0.0004914705
3568 0.0004912578
3586 0.0004912252
3587 0.0004902124
3604 0.0004892860
3610 0.0004884251
3614 0.0004879760
3628 0.0004869655
3646 0.0004867540
3647 0.0004863252
3651 0.0004856701
3663 0.0004846317
3677 0.0004840918
3713 0.0004822459
3802 0.0004809637
3820 0.0004808447
3821 0.0004807670
3827 0.0004804753
3834 0.0004802741
3843 0.0004800007
3863 0.0004796011
3895 0.0004795437
3906 0.0004795377
3915 0.0004792475
3920 0.0004789861
3933 0.0004789093
3937 0.0004787364
3949 0.0004787106
3971 0.0004786592
3985 0.0004785638
3987 0.0004785193
4007 0.0004783560
4040 0.0004779513
4046 0.0004777913
4068 0.0004776641
4082 0.0004775809
4088 0.0004774531
4102 0.0004773698
4124 0.0004772528
4125 0.0004771530
4147 0.0004771383
4161 0.0004770587
4163 0.0004763771
4171 0.0004763735
4173 0.0004760911
4181 0.0004759589
4182 0.0004758379
4203 0.0004756192
4204 0.0004752556
4218 0.0004747724
4219 0.0004740959
4247 0.0004736394
4278 0.0004735679
4285 0.0004732761
4286 0.0004732096
4290 0.0004723749
4303 0.0004721422
4304 0.0004715834
4338 0.0004708990
4349 0.0004708160
4357 0.0004707985
4372 0.0004707939
4375 0.0004705912
4380 0.0004704348
4381 0.0004702348
4389 0.0004698129
4398 0.0004697688
4406 0.0004696587
4410 0.0004696475
4421 0.0004695878
4424 0.0004694058
4427 0.0004691277
4436 0.0004689311
4440 0.0004687913
4441 0.0004680307
4442 0.0004679671
4473 0.0004679032
4489 0.0004673274
4495 0.0004672298
4533 0.0004670362
4553 0.0004666555
4586 0.0004666212
4597 0.0004660581
4647 0.0004659946
4650 0.0004658380
4680 0.0004657937
4698 0.0004654639
4703 0.0004653016
4708 0.0004651326
4723 0.0004650265
4754 0.0004650077
4761 0.0004649592
4765 0.0004642641
4768 0.0004640918
4778 0.0004637947
4815 0.0004637834
4817 0.0004637285
4850 0.0004634600
4852 0.0004634239
4853 0.0004632646
4868 0.0004632224
4879 0.0004629575
4914 0.0004629527
4926 0.0004628812
4929 0.0004621784
4967 0.0004620879
5024 0.0004620494
5032 0.0004618930
5042 0.0004618749
5059 0.0004618581
5065 0.0004617504
5084 0.0004617004
5101 0.0004616902
5103 0.0004616819
5117 0.0004616758
5124 0.0004616660
5126 0.0004615612
5223 0.0004615531
5232 0.0004615497
5233 0.0004615370
5250 0.0004615365
5260 0.0004615257
5263 0.0004615209
5283 0.0004615163
5295 0.0004615055
5297 0.0004614912
5320 0.0004614675
5330 0.0004614495
5334 0.0004614482
5341 0.0004614416
5351 0.0004614257
5353 0.0004614115
5356 0.0004613832
5363 0.0004613378
5368 0.0004612968
5395 0.0004612379
5403 0.0004611786
5422 0.0004611388
5440 0.0004611344
5441 0.0004611327
5446 0.0004611133
5459 0.0004610972
5478 0.0004610896
5481 0.0004610840
5487 0.0004610505
5521 0.0004610363
5522 0.0004609826
5585 0.0004609729
5588 0.0004609652
5595 0.0004609589
5632 0.0004609581
5637 0.0004609490
5659 0.0004609482
5672 0.0004609421
5674 0.0004608964
5750 0.0004608939
5763 0.0004608894
5772 0.0004608850
5773 0.0004608845
5777 0.0004608737
5808 0.0004608427
5820 0.0004608169
5860 0.0004607678
5863 0.0004607261
5873 0.0004607043
5874 0.0004607005
5887 0.0004606913
5923 0.0004606742
5934 0.0004606579
5981 0.0004606462
5983 0.0004606349
6002 0.0004606309
6012 0.0004606051
6013 0.0004605900
6041 0.0004605887
6065 0.0004605806
6104 0.0004605727
6142 0.0004605716
6148 0.0004605640
6151 0.0004605546
6158 0.0004605463
6167 0.0004605395
6214 0.0004605374
6232 0.0004605353
6245 0.0004605344
6280 0.0004605322
6281 0.0004605318
6282 0.0004605299
6286 0.0004605292
6288 0.0004605284
6307 0.0004605281
6315 0.0004605270
6332 0.0004605260
6340 0.0004605254
6360 0.0004605225
6369 0.0004605210
6408 0.0004605201
6421 0.0004605196
6462 0.0004605183
6493 0.0004605178
6503 0.0004605174
6504 0.0004605157
6555 0.0004605152
6570 0.0004605139
6645 0.0004605134
6666 0.0004605131
6696 0.0004605128
6767 0.0004605127
6789 0.0004605122
6793 0.0004605119
6845 0.0004605116
6859 0.0004605113
6899 0.0004605110
6916 0.0004605108
6950 0.0004605106
7002 0.0004605104
7045 0.0004605102
7061 0.0004605100
7100 0.0004605098
7144 0.0004605095
7172 0.0004605094
7182 0.0004605092
7188 0.0004605091
7198 0.0004605090
7219 0.0004605088
7259 0.0004605086
7278 0.0004605085
7442 0.0004605084
7503 0.0004605083
7508 0.0004605081
7551 0.0004605080
7631 0.0004605079
7653 0.0004605077
7717 0.0004605075
7809 0.0004605073
7929 0.0004605072
8073 0.0004605071
8191 0.0004605069
8359 0.0004605068
10000 0.0004605068
