evaluations raw_y x0 x1 x2 x3 x4
1 3.9416145206 -3.733747 3.746052 2.751093 1.056641 -0.178026
30 0.8613154902 -1.628753 3.083318 3.556301 -2.628847 2.534087
102 0.6413442879 -1.775479 4.453242 4.619847 -3.535295 1.006863
130 0.0278058802 -2.483629 4.526294 4.562568 -4.574983 2.534087
261 0.0230147868 -2.481492 4.574555 4.562135 -4.560365 2.530822
271 0.0160875379 -3.722311 4.787109 4.619847 -3.645362 2.121480
295 0.0156124280 -3.727796 4.770374 4.620512 -3.677310 2.113686
355 0.0125979091 -2.909564 4.647617 4.725219 -3.511317 2.438958
387 0.0083670697 -2.411607 4.511702 4.615443 -3.722243 2.351062
449 0.0069853384 -2.279906 4.227489 4.613932 -3.216562 2.363290
497 0.0065892738 -2.093228 4.298292 4.614984 -3.024699 2.187851
503 0.0064683333 -2.424769 4.514289 4.549272 -3.164238 2.301000
531 0.0059685623 -2.431455 4.526294 4.546855 -3.150644 2.301538
559 0.0056905123 -2.416221 3.406194 4.543981 -3.134852 2.297587
574 0.0054391821 -2.137507 4.810044 4.475425 -3.097977 2.369884
614 0.0039539045 -2.144323 4.693301 4.529328 -2.805564 2.249642
692 0.0038926159 -2.142874 4.686399 4.529885 -2.806087 2.250265
1240 0.0037762601 -2.147487 4.803815 4.522460 -2.833609 2.243062
1254 0.0034804325 -2.311653 4.828444 4.466806 -2.875535 2.284719
1294 0.0027820996 -2.311535 4.834798 4.465894 -2.883247 2.285713
2468 0.0024968299 -2.311045 4.835548 4.465459 -2.882591 2.285804
2652 0.0023626565 -2.311502 4.835551 4.466213 -2.881770 2.286319
3678 0.0018072995 -2.245283 4.875971 4.487128 -2.666995 2.268393
3741 0.0017983355 -2.245148 4.876657 4.487889 -2.666040 2.268754
4756 0.0017743135 -2.245499 4.876269 4.487356 -2.666507 2.268359
5653 0.0017575432 -2.245673 4.876712 4.487204 -2.666636 2.268347
5760 0.0016913914 -2.244944 4.877246 4.487813 -2.666098 2.268775
6281 0.0016799692 -2.245324 4.876768 4.486858 -2.666927 2.268774
6328 0.0016527405 -2.245494 4.876326 4.486869 -2.666924 2.268728
6830 0.0012207584 -2.176308 4.878321 4.485961 -2.049338 2.303062
6945 0.0011840092 -2.176671 4.878490 4.485971 -2.049105 2.302860
7230 0.0010410499 -2.176764 4.878490 4.485971 -2.051202 2.302595
7378 0.0010404286 -2.176755 4.878486 4.485962 -2.051209 2.302589
7438 0.0010385032 -2.177302 4.877817 4.485962 -2.049712 2.303200
7558 0.0010207948 -2.177584 4.877752 4.485449 -2.050779 2.303523
7704 0.0010184362 -2.177643 4.877759 4.485800 -2.050769 2.303395
7767 0.0009976148 -2.177586 4.877584 4.485378 -2.051363 2.303308
7824 0.0009924018 -2.177584 4.877517 4.485449 -2.050779 2.303523
7836 0.0009680759 -2.179114 4.876048 4.483841 -2.051760 2.304075
7930 0.0009656241 -2.179357 4.875726 4.483770 -2.051531 2.304471
7965 0.0009456183 -2.180036 4.875901 4.483730 -2.051373 2.304133
8001 0.0009445064 -2.179722 4.876054 4.483580 -2.051431 2.304172
8013 0.0009350222 -2.181330 4.874839 4.483245 -2.049903 2.304089
8083 0.0009269618 -2.180953 4.874878 4.483186 -2.051488 2.304710
8111 0.0009240294 -2.181960 4.874145 4.482345 -2.051731 2.305002
8158 0.0009175959 -2.181892 4.874694 4.482261 -2.050841 2.304365
8187 0.0009159606 -2.181918 4.874175 4.482375 -2.051464 2.304980
8208 0.0009147702 -2.181821 4.874328 4.482741 -2.051133 2.304765
8246 0.0009131071 -2.187979 4.870754 4.477994 -2.051809 2.306320
8251 0.0009010712 -2.185759 4.872067 4.479475 -2.051765 2.305723
8334 0.0008977304 -2.185682 4.872129 4.479544 -2.051488 2.305679
8371 0.0008939657 -2.182438 4.874538 4.483428 -2.048762 2.303560
8421 0.0008935375 -2.186131 4.871886 4.480073 -2.050235 2.305259
8424 0.0008900784 -2.184243 4.873701 4.482081 -2.048846 2.303772
8428 0.0008841814 -2.185177 4.873067 4.482655 -2.046868 2.303433
8456 0.0008834167 -2.181212 4.875647 4.486509 -2.045137 2.301822
8498 0.0008817941 -2.178844 4.877678 4.489068 -2.043611 2.300173
8511 0.0008583636 -2.178650 4.877604 4.492956 -2.037998 2.298456
8543 0.0008370335 -2.175235 4.880425 4.499357 -2.031983 2.295102
8574 0.0008269633 -2.177370 4.879078 4.497725 -2.032043 2.295689
8588 0.0008234743 -2.174534 4.881635 4.502767 -2.027183 2.292689
8594 0.0008210515 -2.175725 4.880844 4.504914 -2.022722 2.291606
8622 0.0008208407 -2.180978 4.876621 4.497500 -2.029224 2.295431
8631 0.0008025828 -2.179235 4.878222 4.504725 -2.020214 2.291635
8663 0.0007933054 -2.177750 4.879887 4.506071 -2.018964 2.290328
8664 0.0007931844 -2.176457 4.881068 4.507255 -2.018186 2.289310
8673 0.0007917559 -2.178434 4.879338 4.502720 -2.023411 2.292028
8683 0.0007898229 -2.179729 4.878485 4.504604 -2.019655 2.291213
8708 0.0007891550 -2.178641 4.879972 4.510886 -2.011078 2.287396
8716 0.0007890648 -2.178608 4.879997 4.510966 -2.010989 2.287351
8749 0.0007853039 -2.175011 4.883562 4.522528 -1.997000 2.280491
8758 0.0007805072 -2.174062 4.884021 4.521610 -1.999305 2.281403
8866 0.0007771888 -2.172447 4.885745 4.522664 -1.998367 2.280066
8871 0.0007751266 -2.169162 4.888741 4.530427 -1.989500 2.275203
8896 0.0007678584 -2.176744 4.884011 4.517964 -1.999229 2.280022
8911 0.0007319018 -2.169882 4.889480 4.527498 -1.991591 2.274795
8920 0.0007271290 -2.171095 4.888801 4.529188 -1.988130 2.273821
8936 0.0007232772 -2.173239 4.889884 4.525965 -1.986967 2.271392
8947 0.0007204645 -2.170871 4.889892 4.529199 -1.987015 2.272607
8963 0.0007101029 -2.172854 4.892663 4.531238 -1.977636 2.265576
8968 0.0006731951 -2.168204 4.902382 4.541551 -1.959796 2.251383
8975 0.0006731503 -2.168134 4.902409 4.541578 -1.959843 2.251405
8978 0.0006712927 -2.170061 4.900452 4.538418 -1.963861 2.253984
9015 0.0006624476 -2.171380 4.900785 4.533786 -1.967608 2.254173
9028 0.0006479590 -2.167803 4.909561 4.544724 -1.948604 2.240170
9071 0.0006225322 -2.170000 4.907642 4.529154 -1.968279 2.247727
9099 0.0006188134 -2.167568 4.910677 4.542509 -1.950374 2.239849
9108 0.0006171384 -2.167236 4.907819 4.538718 -1.959735 2.246158
9132 0.0006158096 -2.163584 4.910307 4.538658 -1.963024 2.246262
9215 0.0006154650 -2.163645 4.910281 4.538602 -1.963016 2.246260
9218 0.0006089420 -2.168130 4.909547 4.532392 -1.964692 2.245418
9240 0.0006079043 -2.165842 4.911987 4.533604 -1.963947 2.243578
9358 0.0006076720 -2.165858 4.911971 4.533702 -1.963809 2.243544
9384 0.0006074107 -2.165736 4.912123 4.534016 -1.963407 2.243310
9460 0.0006073453 -2.165760 4.912099 4.534004 -1.963413 2.243327
9502 0.0006061354 -2.165873 4.911959 4.534244 -1.962843 2.243282
9512 0.0006056660 -2.165284 4.911222 4.537577 -1.960216 2.243542
9553 0.0006045556 -2.165673 4.911841 4.538042 -1.958189 2.242014
9591 0.0006041394 -2.165878 4.912151 4.536820 -1.959122 2.241879
9770 0.0006026043 -2.166404 4.911352 4.536830 -1.959271 2.242619
9938 0.0006026014 -2.166397 4.911378 4.536835 -1.959246 2.242583
9957 0.0006024123 -2.166507 4.911558 4.535933 -1.960279 2.242713
9958 0.0006022647 -2.166038 4.911744 4.537403 -1.958633 2.242178
9996 0.0006020448 -2.166315 4.912359 4.536435 -1.958875 2.241471
10000 0.0006313486 -2.166972 4.910409 4.538398 -1.956702 2.242175
