evaluations raw_y x0 x1 x2 x3 x4
1 22.0881054456 2.352314 -4.735756 4.444219 -1.904931 -2.004608
2 14.5758431905 1.531113 -3.007794 -3.232800 2.775912 3.003202
3 7.1016916375 -4.677695 -1.704350 2.212668 0.526235 2.357698
4 3.6426706074 -2.058604 -0.557889 -3.342318 -4.202151 4.584390
44 1.0845386489 -4.263895 -0.030127 -0.502961 -1.272372 -3.971289
100 0.5350357437 -2.452344 1.706503 -2.145943 -1.106970 -1.414391
160 0.2978291355 -3.901942 1.110600 -1.425087 -1.872721 -2.305205
161 0.2235253040 -4.298020 0.638035 -3.216042 -2.798109 -2.226512
217 0.1568980719 -3.221278 1.267875 -2.103434 -1.898268 -1.251274
218 0.1544158925 -3.708180 0.995714 -2.135669 -2.393692 -1.978346
271 0.0974877592 -3.699954 1.076160 -2.270134 -2.191571 -2.129225
367 0.0440091518 -3.555540 1.208680 -2.442886 -2.506720 -3.038771
500 0.0378594494 -3.399035 1.295139 -2.169823 -2.163830 -2.375861
513 0.0303368456 -3.451984 1.223041 -2.470189 -2.331933 -2.897107
553 0.0118348695 -3.392052 1.415433 -2.027080 -1.886653 -2.088697
656 0.0086746930 -3.367767 1.394074 -2.052315 -1.807988 -2.078183
708 0.0082604129 -3.376562 1.418919 -2.027929 -1.846319 -2.072783
716 0.0076659353 -3.402283 1.402446 -2.052315 -1.807988 -1.999160
720 0.0062210719 -3.339947 1.401308 -2.113386 -1.841871 -2.052710
768 0.0055721868 -3.370480 1.425127 -2.125909 -1.917951 -2.119655
771 0.0018519259 -3.368381 1.427883 -2.109493 -1.856711 -2.111257
919 0.0015289570 -3.383066 1.444484 -2.089639 -1.827672 -2.069206
974 0.0010543829 -3.379916 1.425234 -2.123060 -1.866251 -2.108303
978 0.0010140107 -3.383066 1.440969 -2.092859 -1.827672 -2.039061
1027 0.0009035893 -3.374557 1.430129 -2.101781 -1.850374 -2.087309
1038 0.0006042238 -3.379741 1.424523 -2.105879 -1.842430 -2.060155
1096 0.0005260383 -3.382588 1.420891 -2.114977 -1.855890 -2.086111
1183 0.0004718905 -3.380868 1.433403 -2.097894 -1.844304 -2.077384
1201 0.0004017354 -3.378547 1.435831 -2.103407 -1.841313 -2.070227
1224 0.0003802529 -3.382032 1.427031 -2.114488 -1.857906 -2.102586
1288 0.0003614755 -3.377588 1.432290 -2.101823 -1.844304 -2.075705
1296 0.0002007892 -3.385811 1.424418 -2.108563 -1.847305 -2.079134
1337 0.0001526493 -3.380609 1.427758 -2.110860 -1.846026 -2.076506
1383 0.0001410808 -3.380609 1.431247 -2.105734 -1.845741 -2.076026
1434 0.0001176769 -3.382060 1.429665 -2.105172 -1.845977 -2.073916
1533 0.0000910685 -3.382263 1.428461 -2.108183 -1.847494 -2.078462
1536 0.0000232140 -3.383210 1.428607 -2.106225 -1.843067 -2.073464
1727 0.0000199980 -3.382833 1.428019 -2.107663 -1.844647 -2.074076
1829 0.0000148359 -3.383030 1.428539 -2.106958 -1.843183 -2.071938
1923 0.0000124400 -3.383187 1.428403 -2.106558 -1.843954 -2.072996
1974 0.0000096322 -3.382981 1.428560 -2.106215 -1.843235 -2.072251
2034 0.0000095619 -3.383077 1.428595 -2.106663 -1.843247 -2.072293
2063 0.0000077441 -3.383008 1.428595 -2.106663 -1.843247 -2.072293
2067 0.0000062150 -3.383135 1.428341 -2.106862 -1.843777 -2.073053
2119 0.0000046110 -3.382788 1.428446 -2.106977 -1.843882 -2.073470
2248 0.0000040802 -3.382752 1.428374 -2.106994 -1.843882 -2.073470
2251 0.0000022677 -3.382751 1.428474 -2.106540 -1.843125 -2.071973
2406 0.0000019868 -3.382770 1.428388 -2.106714 -1.843488 -2.072618
2428 0.0000019635 -3.382783 1.428358 -2.106813 -1.843718 -2.073236
2568 0.0000011873 -3.382799 1.428400 -2.106703 -1.843416 -2.072600
2695 0.0000006883 -3.382865 1.428339 -2.106808 -1.843622 -2.072988
2903 0.0000006374 -3.382833 1.428406 -2.106787 -1.843607 -2.072928
2914 0.0000004409 -3.382825 1.428395 -2.106727 -1.843509 -2.072747
2965 0.0000002263 -3.382842 1.428394 -2.106761 -1.843564 -2.072886
3110 0.0000001456 -3.382840 1.428392 -2.106764 -1.843557 -2.072866
3205 0.0000000956 -3.382838 1.428390 -2.106754 -1.843560 -2.072858
3406 0.0000000802 -3.382840 1.428385 -2.106761 -1.843569 -2.072872
3484 0.0000000796 -3.382844 1.428387 -2.106763 -1.843561 -2.072869
3512 0.0000000794 -3.382838 1.428387 -2.106762 -1.843568 -2.072868
3514 0.0000000782 -3.382837 1.428387 -2.106763 -1.843562 -2.072863
3517 0.0000000483 -3.382841 1.428390 -2.106757 -1.843555 -2.072853
3530 0.0000000463 -3.382842 1.428383 -2.106766 -1.843568 -2.072877
3546 0.0000000425 -3.382842 1.428386 -2.106764 -1.843570 -2.072880
3547 0.0000000301 -3.382840 1.428389 -2.106758 -1.843558 -2.072857
3630 0.0000000102 -3.382843 1.428386 -2.106762 -1.843564 -2.072867
3962 0.0000000097 -3.382841 1.428386 -2.106761 -1.843563 -2.072865
3968 0.0000000095 -3.382842 1.428386 -2.106762 -1.843564 -2.072868
3997 0.0000000045 -3.382841 1.428386 -2.106762 -1.843563 -2.072865
4068 0.0000000037 -3.382842 1.428386 -2.106762 -1.843563 -2.072865
4104 0.0000000032 -3.382842 1.428386 -2.106761 -1.843563 -2.072865
4247 0.0000000027 -3.382841 1.428386 -2.106761 -1.843563 -2.072865
4278 0.0000000023 -3.382842 1.428386 -2.106761 -1.843563 -2.072865
4282 0.0000000013 -3.382842 1.428386 -2.106761 -1.843563 -2.072865
4413 0.0000000010 -3.382842 1.428386 -2.106761 -1.843563 -2.072865
4521 0.0000000007 -3.382842 1.428386 -2.106762 -1.843563 -2.072866
4582 0.0000000005 -3.382842 1.428386 -2.106762 -1.843563 -2.072866
4813 0.0000000004 -3.382842 1.428386 -2.106762 -1.843563 -2.072865
5004 0.0000000003 -3.382842 1.428386 -2.106762 -1.843563 -2.072865
5296 0.0000000002 -3.382842 1.428386 -2.106762 -1.843563 -2.072865
5724 0.0000000001 -3.382842 1.428386 -2.106762 -1.843563 -2.072865
10000 0.0000000000 -3.382842 1.428386 -2.106762 -1.843563 -2.072865
