evaluations raw_y x0 x1 x2 x3 x4
1 15.0768668245 2.972053 -2.072133 2.860878 3.858586 -0.608770
2 4.0712511115 2.883179 -2.016057 2.147292 0.417483 2.128289
53 3.5429055955 2.160412 -0.614725 0.158546 -0.936551 3.825090
63 2.1739255336 4.145110 -2.207287 1.636897 -0.740694 3.457241
84 2.0874790935 2.105823 -2.016057 0.634469 -1.219180 1.021014
102 1.1255549669 2.800050 -1.322001 0.666283 -3.853166 0.069535
154 1.0162833244 1.464594 -1.932708 -0.341921 -2.587309 0.991066
198 0.7573862942 2.114108 -2.206570 0.809362 -2.404856 0.818146
235 0.7532153359 2.303477 -2.066144 0.717917 -2.477993 0.670611
254 0.6475727456 2.525281 -2.072668 -0.161376 -2.477993 0.026226
268 0.4926643945 2.031818 -2.422987 0.419188 -2.837222 0.536463
297 0.3396669686 2.882063 -2.607566 0.244003 -2.483755 0.400124
307 0.2265130971 3.243037 -2.824696 0.244003 -2.786908 0.633515
371 0.1164139881 3.167498 -2.696266 -0.335250 -2.853907 0.708762
440 0.1125271299 2.915980 -2.509528 -0.288148 -2.616722 0.929091
474 0.0757111423 2.879800 -2.688558 -0.260289 -2.662377 0.781751
498 0.0726478951 3.091551 -2.511764 -0.145397 -2.863452 0.743345
530 0.0694718038 2.851899 -2.744111 -0.258618 -2.617072 1.003573
559 0.0427003562 2.887457 -2.685553 -0.255534 -2.694228 0.858313
577 0.0387922877 2.876730 -2.716573 -0.260317 -2.679167 0.927448
653 0.0218269945 3.010834 -2.733987 -0.240689 -2.767333 0.890579
728 0.0190232402 3.005179 -2.706866 -0.145987 -2.758677 0.933211
748 0.0153454703 3.020194 -2.753831 -0.230713 -2.799768 0.901839
796 0.0146661888 2.996724 -2.715955 -0.161286 -2.767842 0.913895
807 0.0098842201 2.969539 -2.740250 -0.206371 -2.749170 0.904773
857 0.0097766407 2.992955 -2.733684 -0.196349 -2.761015 0.906707
866 0.0078374395 2.974028 -2.731984 -0.197256 -2.759569 0.901633
902 0.0075212473 2.956879 -2.741956 -0.214096 -2.760599 0.889713
932 0.0052999473 2.953738 -2.726416 -0.212319 -2.757102 0.888100
951 0.0048529960 2.974519 -2.705672 -0.197410 -2.768668 0.875218
975 0.0044211764 2.982620 -2.725088 -0.173364 -2.783421 0.872748
992 0.0037277405 2.977695 -2.716303 -0.189390 -2.763577 0.885643
1013 0.0029915855 2.974321 -2.716442 -0.183234 -2.760460 0.884317
1058 0.0025446477 2.965112 -2.709918 -0.171397 -2.766259 0.865468
1114 0.0019220165 2.966681 -2.719244 -0.180901 -2.767420 0.870596
1175 0.0017627686 2.963034 -2.716703 -0.183090 -2.772333 0.867732
1183 0.0007526031 2.965389 -2.723641 -0.178432 -2.772468 0.871144
1235 0.0006863525 2.970592 -2.714701 -0.176190 -2.769215 0.873065
1269 0.0003737407 2.971325 -2.716719 -0.176454 -2.771996 0.870198
1325 0.0001679038 2.971194 -2.716246 -0.176957 -2.770125 0.872089
1360 0.0001579578 2.970428 -2.716703 -0.177304 -2.771221 0.871325
1491 0.0001510755 2.970169 -2.716734 -0.175971 -2.770387 0.871462
1509 0.0000659277 2.971414 -2.716027 -0.176648 -2.771031 0.871237
1666 0.0000413243 2.971424 -2.716329 -0.176737 -2.771124 0.871483
1757 0.0000155830 2.971362 -2.716056 -0.177031 -2.771018 0.871481
1958 0.0000144616 2.971284 -2.716040 -0.176974 -2.770851 0.871565
1965 0.0000106900 2.971288 -2.716057 -0.176923 -2.770977 0.871456
1993 0.0000092221 2.971286 -2.716023 -0.176842 -2.771016 0.871380
2021 0.0000086701 2.971234 -2.716110 -0.176929 -2.770971 0.871466
2053 0.0000073095 2.971169 -2.716070 -0.177073 -2.770998 0.871423
2072 0.0000067387 2.971274 -2.716044 -0.176899 -2.770977 0.871432
2085 0.0000044255 2.971220 -2.716110 -0.176985 -2.770969 0.871468
2157 0.0000040228 2.971195 -2.716107 -0.176999 -2.770982 0.871447
2207 0.0000028900 2.971209 -2.716102 -0.176979 -2.770981 0.871445
2257 0.0000027806 2.971189 -2.716064 -0.176984 -2.770992 0.871410
2263 0.0000024004 2.971209 -2.716103 -0.176989 -2.770980 0.871450
2364 0.0000004615 2.971212 -2.716070 -0.176966 -2.770992 0.871419
2607 0.0000003664 2.971210 -2.716073 -0.176969 -2.770989 0.871423
2623 0.0000002200 2.971214 -2.716070 -0.176965 -2.770990 0.871422
2671 0.0000001982 2.971213 -2.716070 -0.176964 -2.770989 0.871422
2742 0.0000001226 2.971219 -2.716066 -0.176962 -2.770992 0.871420
2976 0.0000001038 2.971218 -2.716066 -0.176963 -2.770991 0.871420
3058 0.0000000584 2.971216 -2.716068 -0.176963 -2.770991 0.871420
3127 0.0000000497 2.971216 -2.716068 -0.176963 -2.770992 0.871420
3149 0.0000000241 2.971215 -2.716069 -0.176963 -2.770991 0.871421
3321 0.0000000188 2.971215 -2.716069 -0.176963 -2.770991 0.871420
3403 0.0000000163 2.971215 -2.716068 -0.176963 -2.770991 0.871420
3419 0.0000000094 2.971215 -2.716068 -0.176963 -2.770991 0.871420
3608 0.0000000076 2.971215 -2.716068 -0.176963 -2.770991 0.871420
3687 0.0000000075 2.971215 -2.716068 -0.176963 -2.770991 0.871420
3699 0.0000000070 2.971215 -2.716068 -0.176963 -2.770991 0.871420
3745 0.0000000054 2.971215 -2.716068 -0.176963 -2.770991 0.871420
3802 0.0000000026 2.971215 -2.716068 -0.176963 -2.770991 0.871420
3839 0.0000000021 2.971215 -2.716068 -0.176963 -2.770991 0.871420
4047 0.0000000019 2.971215 -2.716068 -0.176963 -2.770991 0.871420
4074 0.0000000017 2.971215 -2.716068 -0.176963 -2.770991 0.871420
4167 0.0000000016 2.971215 -2.716068 -0.176963 -2.770991 0.871420
4208 0.0000000012 2.971215 -2.716068 -0.176963 -2.770991 0.871420
4273 0.0000000008 2.971215 -2.716068 -0.176963 -2.770991 0.871420
4521 0.0000000007 2.971215 -2.716068 -0.176963 -2.770991 0.871420
4569 0.0000000006 2.971215 -2.716068 -0.176963 -2.770991 0.871420
4648 0.0000000005 2.971215 -2.716068 -0.176963 -2.770991 0.871420
4771 0.0000000004 2.971215 -2.716068 -0.176963 -2.770991 0.871420
5029 0.0000000003 2.971215 -2.716068 -0.176963 -2.770991 0.871420
5246 0.0000000001 2.971215 -2.716068 -0.176963 -2.770991 0.871420
6129 0.0000000000 2.971215 -2.716068 -0.176963 -2.770991 0.871420
10000 0.0000000000 2.971215 -2.716068 -0.176963 -2.770991 0.871420
