evaluations raw_y x0 x1 x2 x3 x4
1 7.5643872870 -4.837579 4.155763 -4.646631 4.074110 0.960435
2 6.7265464145 -2.250749 3.556520 -0.769538 -0.621038 -2.748580
4 4.9417244805 -3.313504 1.221528 -3.854356 -1.096784 0.121058
7 1.0330795896 -1.326735 -2.441944 -2.924218 3.787196 -0.538131
32 0.8552149582 -1.326735 -2.441944 -4.443219 4.758414 -0.538131
57 0.8416547867 -1.326735 -3.066999 -3.262427 4.758414 -1.025246
77 0.6283532709 -0.127806 0.331942 -1.853330 5.000000 -3.812019
126 0.3033592872 -0.178265 -1.213487 -4.017668 5.000000 -2.778923
176 0.2888724517 -0.178265 -1.213487 -4.017668 5.000000 -2.435336
245 0.1802776389 -0.407354 -1.791892 -3.549117 4.442689 -3.565301
279 0.1250456363 -0.516927 -1.782422 -2.209752 4.690882 -2.482785
284 0.0918930468 -0.101810 -0.865419 -1.921230 4.533591 -2.437400
342 0.0661881031 0.455598 -0.436649 -2.683696 4.268630 -2.737144
367 0.0645090212 0.815290 -0.436649 -2.683696 4.268630 -2.737144
417 0.0507944032 0.714977 -0.475775 -2.683696 4.179045 -3.061767
441 0.0392314392 0.049747 -0.906483 -2.406990 4.639713 -3.104208
474 0.0197702941 0.181184 -0.763677 -1.943743 4.509129 -2.988975
494 0.0122154402 0.400162 -0.932859 -2.092556 4.332170 -3.108682
667 0.0077559008 0.342329 -0.739058 -2.268910 4.403885 -2.947560
688 0.0068363786 0.191650 -0.935105 -2.184385 4.439824 -3.083550
713 0.0038009955 0.191650 -0.935105 -2.158772 4.433612 -2.907369
741 0.0027092150 0.200453 -0.773433 -2.190347 4.379647 -3.105463
791 0.0023324572 0.317865 -0.773433 -2.190347 4.379647 -3.157400
816 0.0015562598 0.317865 -0.820360 -2.181549 4.379647 -3.091771
918 0.0010387205 0.226218 -0.733488 -2.159643 4.421848 -3.043965
919 0.0007996871 0.227025 -0.784108 -2.163429 4.419228 -3.132425
937 0.0007626178 0.290169 -0.800061 -2.119921 4.395708 -3.125240
962 0.0003938248 0.247168 -0.800061 -2.119921 4.406353 -3.125240
978 0.0002756515 0.227695 -0.773415 -2.159609 4.413818 -3.102429
1028 0.0000948227 0.227695 -0.779546 -2.143884 4.408711 -3.102429
1197 0.0000668904 0.240488 -0.773605 -2.131260 4.403676 -3.085097
1243 0.0000522360 0.242674 -0.762860 -2.127415 4.411730 -3.098330
1273 0.0000328023 0.252281 -0.778640 -2.133511 4.400278 -3.095796
1332 0.0000321393 0.248855 -0.781190 -2.138590 4.405240 -3.082656
1361 0.0000319780 0.247394 -0.763607 -2.123664 4.406188 -3.096453
1386 0.0000310605 0.247394 -0.763607 -2.135999 4.406188 -3.095704
1393 0.0000140368 0.252260 -0.775785 -2.125677 4.404098 -3.100231
1423 0.0000073600 0.245047 -0.774240 -2.132373 4.407431 -3.087245
1505 0.0000064864 0.249175 -0.772612 -2.131150 4.403427 -3.093874
1551 0.0000057243 0.248677 -0.770391 -2.129234 4.406903 -3.091311
1595 0.0000034008 0.251893 -0.768828 -2.131045 4.403731 -3.100220
1641 0.0000033507 0.250326 -0.771858 -2.133237 4.403700 -3.094638
1663 0.0000019751 0.253798 -0.771582 -2.132377 4.403700 -3.095157
1698 0.0000019344 0.247034 -0.770340 -2.129354 4.406151 -3.094819
1755 0.0000013518 0.248338 -0.772560 -2.130824 4.404889 -3.095229
1780 0.0000012957 0.248958 -0.773304 -2.130826 4.404859 -3.094434
1801 0.0000011245 0.251686 -0.769748 -2.130716 4.403961 -3.097038
1804 0.0000010788 0.248119 -0.772000 -2.130458 4.404680 -3.096889
1830 0.0000007108 0.251254 -0.772311 -2.130415 4.404229 -3.096374
1874 0.0000006624 0.249593 -0.772758 -2.130683 4.405063 -3.097899
1888 0.0000006178 0.250218 -0.770037 -2.130147 4.405073 -3.096477
1898 0.0000002918 0.249211 -0.771029 -2.129206 4.404934 -3.098288
1899 0.0000001937 0.248712 -0.771770 -2.128981 4.405466 -3.097538
2012 0.0000001195 0.249566 -0.771222 -2.129678 4.405349 -3.096809
2044 0.0000000856 0.249194 -0.771298 -2.129295 4.405253 -3.097505
2059 0.0000000648 0.249240 -0.771357 -2.129161 4.405461 -3.096758
2084 0.0000000467 0.249273 -0.771414 -2.129224 4.405440 -3.096789
2164 0.0000000319 0.249263 -0.771521 -2.129668 4.405086 -3.097418
2203 0.0000000281 0.249332 -0.771553 -2.129404 4.405277 -3.097082
2217 0.0000000203 0.249084 -0.771649 -2.129576 4.405249 -3.097127
2281 0.0000000134 0.249230 -0.771632 -2.129455 4.405244 -3.097113
2309 0.0000000132 0.249146 -0.771577 -2.129493 4.405260 -3.097135
2317 0.0000000127 0.249207 -0.771533 -2.129479 4.405249 -3.097169
2381 0.0000000112 0.249224 -0.771588 -2.129455 4.405261 -3.097090
2386 0.0000000097 0.249184 -0.771555 -2.129473 4.405245 -3.097080
2406 0.0000000092 0.249163 -0.771533 -2.129361 4.405256 -3.097002
2474 0.0000000084 0.249200 -0.771471 -2.129348 4.405211 -3.097039
2531 0.0000000072 0.249173 -0.771499 -2.129427 4.405238 -3.097124
2532 0.0000000063 0.249198 -0.771484 -2.129366 4.405215 -3.097028
2581 0.0000000036 0.249164 -0.771519 -2.129407 4.405224 -3.097061
2631 0.0000000023 0.249169 -0.771519 -2.129392 4.405220 -3.097061
2643 0.0000000019 0.249186 -0.771513 -2.129392 4.405212 -3.097072
2727 0.0000000017 0.249192 -0.771521 -2.129381 4.405232 -3.097061
2768 0.0000000016 0.249191 -0.771505 -2.129381 4.405220 -3.097077
2837 0.0000000014 0.249195 -0.771503 -2.129383 4.405220 -3.097062
2912 0.0000000012 0.249198 -0.771502 -2.129379 4.405219 -3.097060
2945 0.0000000006 0.249193 -0.771507 -2.129365 4.405227 -3.097051
2981 0.0000000005 0.249193 -0.771507 -2.129372 4.405226 -3.097055
2992 0.0000000003 0.249191 -0.771510 -2.129369 4.405225 -3.097056
3244 0.0000000001 0.249193 -0.771509 -2.129366 4.405223 -3.097054
3911 0.0000000000 0.249193 -0.771509 -2.129367 4.405223 -3.097055
10000 0.4745190774 0.249193 -0.771509 -3.619188 5.000000 -5.000000
