evaluations raw_y x0 x1 x2 x3 x4
1 43.0606445593 2.365551 -0.697391 2.105049 1.577125 4.591388
2 17.5996714882 -1.307317 0.163438 -4.697885 -2.032118 -1.665971
3 14.7809328476 3.208559 1.111285 0.961567 -3.526284 -4.060184
8 14.6301278246 -0.914832 -0.164578 -3.235651 -3.435927 -1.276573
17 13.1996250096 0.003281 -0.020327 -1.508180 -4.725473 -4.963757
18 11.7442453607 4.188446 -1.696332 -1.492896 -2.617925 -3.988920
33 7.3042096040 3.253497 -0.888715 1.361795 -4.727257 -5.000000
146 7.1560296707 4.830116 1.039502 0.923151 -2.631678 0.406571
186 6.7057110343 0.752541 -0.378301 0.853556 -1.202054 -2.670913
284 6.6140548909 1.687307 2.545311 1.564450 -1.566669 -3.592784
301 3.8839299292 1.474349 4.017338 0.055248 -1.033166 -3.449782
315 2.0441935375 1.107954 4.031516 -0.803495 -1.511894 -3.439668
683 1.8653509576 2.478418 5.000000 1.382446 -1.384529 -4.961012
782 1.7635507197 5.000000 4.328371 0.557247 -2.711750 -3.351538
820 1.5678167927 2.842708 5.000000 -1.303288 -2.570648 -3.310339
826 1.5037672115 2.433718 4.125862 -0.453042 -1.852006 -3.000000
834 1.2546272963 3.389109 4.600918 -0.605903 -2.427375 -3.376069
878 1.0605209334 3.687911 4.048969 -0.542885 -2.078376 -3.391444
1044 0.9710840403 4.770118 3.926934 -0.748929 -3.031912 -3.752815
1164 0.8704774007 5.000000 4.088274 -0.622478 -2.221083 -3.616861
1172 0.8341846991 2.432330 4.668597 -1.013146 -2.772677 -3.148834
1225 0.7609195416 2.669848 4.488796 -1.168038 -2.136861 -3.403202
1262 0.5573677490 2.408192 4.690248 -1.134908 -2.481121 -3.062623
1287 0.4013245683 2.706010 4.255227 -1.074245 -2.315185 -3.172945
1351 0.2637759342 2.600785 4.192632 -0.953912 -2.178010 -3.255222
1699 0.2593772688 2.704281 4.229726 -0.901286 -2.009846 -3.267392
1702 0.2558824842 2.656077 4.277152 -0.947258 -2.333742 -3.223197
1788 0.2007112559 2.595258 4.649389 -0.776382 -2.248115 -2.959557
1957 0.1885582940 2.547166 4.364030 -0.964033 -2.328138 -3.130941
2050 0.1490456776 2.574529 4.370969 -0.916978 -2.228769 -3.184595
2085 0.0937339151 2.677186 4.372247 -0.925190 -2.248056 -3.230538
2139 0.0750239620 2.649080 4.347703 -0.982501 -2.258762 -3.241154
2186 0.0555565463 2.617828 4.371295 -1.141215 -2.243858 -3.176618
2305 0.0522388948 2.592533 4.352355 -1.001460 -2.185547 -3.142604
2324 0.0511150478 2.587216 4.380252 -1.161839 -2.219899 -3.124619
2343 0.0457763201 2.631372 4.334734 -1.001138 -2.203001 -3.151679
2393 0.0220084286 2.572159 4.456534 -1.070910 -2.209669 -3.030069
2709 0.0141169365 2.590502 4.443994 -1.106839 -2.210036 -3.016731
2715 0.0095016400 2.599732 4.445696 -1.113310 -2.219261 -3.025710
2767 0.0071133317 2.607067 4.425299 -1.089630 -2.206265 -3.049055
3007 0.0043692413 2.609577 4.427528 -1.079782 -2.201539 -3.045638
3097 0.0042934341 2.611152 4.427774 -1.083142 -2.204278 -3.044022
3329 0.0039280516 2.617751 4.435286 -1.070091 -2.191574 -3.037247
3358 0.0034849832 2.613344 4.434309 -1.100628 -2.195525 -3.038915
3378 0.0027400993 2.611423 4.435400 -1.083257 -2.198007 -3.037283
3479 0.0026194406 2.610012 4.437625 -1.081552 -2.197897 -3.035316
3555 0.0022431844 2.612494 4.440722 -1.083429 -2.195664 -3.032572
3587 0.0021183825 2.612735 4.442197 -1.080882 -2.193363 -3.031132
3596 0.0017777259 2.611057 4.439732 -1.083032 -2.194943 -3.030759
3845 0.0014428678 2.625507 4.447722 -1.068429 -2.186806 -3.029191
3893 0.0012739842 2.625349 4.446632 -1.067668 -2.186625 -3.033734
3895 0.0007378993 2.624252 4.448991 -1.068921 -2.177685 -3.020782
3903 0.0003035532 2.630181 4.444107 -1.068413 -2.174841 -3.023292
3963 0.0002884109 2.631009 4.446119 -1.065368 -2.173624 -3.023744
4170 0.0002259197 2.633044 4.451089 -1.062791 -2.172022 -3.018313
4217 0.0001954150 2.631665 4.450176 -1.063864 -2.174430 -3.019102
4356 0.0001699454 2.633370 4.451595 -1.063466 -2.172239 -3.018475
4411 0.0001640451 2.631634 4.448572 -1.064407 -2.172371 -3.018008
4446 0.0001543403 2.632192 4.447801 -1.064914 -2.172937 -3.018044
4466 0.0000863483 2.632718 4.449359 -1.064908 -2.170337 -3.017728
4467 0.0000801045 2.634603 4.450594 -1.065391 -2.168801 -3.015563
4506 0.0000586276 2.633488 4.449209 -1.065781 -2.169693 -3.016752
4531 0.0000480952 2.633307 4.449847 -1.064771 -2.171545 -3.016885
4542 0.0000441850 2.633909 4.449848 -1.065806 -2.170992 -3.016663
4680 0.0000392366 2.634345 4.450126 -1.065187 -2.169856 -3.016640
4769 0.0000389471 2.634041 4.450061 -1.065102 -2.169844 -3.016740
4771 0.0000158333 2.633859 4.448991 -1.066243 -2.170644 -3.017722
4865 0.0000042951 2.633138 4.448500 -1.066101 -2.171603 -3.018746
5237 0.0000029492 2.633016 4.448883 -1.066071 -2.171399 -3.018394
5263 0.0000023132 2.633335 4.448616 -1.065979 -2.171371 -3.018460
5334 0.0000013705 2.633507 4.448900 -1.065841 -2.171309 -3.018419
5350 0.0000011418 2.633121 4.448878 -1.066067 -2.171476 -3.018375
5717 0.0000007559 2.633247 4.448865 -1.066068 -2.171404 -3.018344
5733 0.0000006645 2.633319 4.448830 -1.066057 -2.171329 -3.018334
5845 0.0000006034 2.633256 4.448806 -1.066049 -2.171467 -3.018509
5917 0.0000004051 2.633234 4.448813 -1.066028 -2.171514 -3.018437
6140 0.0000003547 2.633448 4.448847 -1.065955 -2.171355 -3.018410
6182 0.0000002173 2.633393 4.448868 -1.066002 -2.171390 -3.018358
6585 0.0000001187 2.633322 4.448841 -1.065992 -2.171438 -3.018425
7210 0.0000001093 2.633303 4.448806 -1.066065 -2.171456 -3.018415
7275 0.0000001017 2.633305 4.448887 -1.066054 -2.171466 -3.018364
7403 0.0000000830 2.633268 4.448855 -1.066085 -2.171505 -3.018431
7449 0.0000000709 2.633299 4.448802 -1.066123 -2.171482 -3.018447
7560 0.0000000184 2.633309 4.448833 -1.066053 -2.171485 -3.018442
7964 0.0000000073 2.633321 4.448824 -1.066051 -2.171465 -3.018439
9671 0.0000000057 2.633322 4.448832 -1.066054 -2.171462 -3.018428
9908 0.0000000038 2.633307 4.448840 -1.066057 -2.171474 -3.018421
10000 0.0000012560 2.633328 4.448814 -1.065978 -2.171558 -3.018449
