evaluations raw_y x0 x1 x2 x3 x4
1 4.0422703315 4.828383 2.387127 0.145812 -4.758139 -1.544376
2 2.1181505935 -0.842610 4.027885 2.415749 -0.651032 3.238236
7 1.4370949466 -3.965942 -3.049682 3.242769 -3.975754 4.305100
32 1.0048427791 2.606463 1.297674 2.254345 -1.235976 2.735417
41 0.5793600053 2.042035 0.856799 0.050467 -2.256700 4.442798
76 0.1052773032 3.392808 -1.543505 2.326907 -3.824482 3.505912
145 0.0767321197 3.974745 -0.133534 2.395481 -3.915283 4.855677
157 0.0560394856 2.710867 -2.126152 2.299242 -3.596894 4.606227
163 0.0354393792 2.376308 -1.334942 2.978882 -3.730529 5.000000
287 0.0297036006 2.614720 -1.447907 2.611524 -3.282066 4.737084
308 0.0279001717 2.611630 -0.895549 3.252162 -3.408834 4.375687
391 0.0191903461 2.473841 -0.966074 3.320646 -3.902501 4.657749
517 0.0144934269 2.229414 -0.610782 3.446822 -3.623537 4.826971
519 0.0102931854 2.416981 -0.573311 3.292933 -3.447794 4.828495
562 0.0095090654 2.442352 -0.659040 3.324529 -3.489193 4.680164
624 0.0077564379 2.336583 -0.480765 3.296709 -3.413421 4.821065
643 0.0043511488 2.366931 -0.539673 3.327087 -3.336631 4.801279
687 0.0012638902 2.355797 -0.556787 3.265397 -3.308966 4.815673
777 0.0008747447 2.340204 -0.555746 3.284759 -3.308966 4.792667
941 0.0008071950 2.333162 -0.571691 3.274026 -3.326567 4.798992
948 0.0007677498 2.345083 -0.578748 3.273603 -3.307956 4.788777
949 0.0005609411 2.336169 -0.570658 3.276623 -3.317531 4.796702
966 0.0005117478 2.345385 -0.580353 3.257349 -3.312766 4.799705
971 0.0005051270 2.341099 -0.578975 3.261289 -3.309328 4.798992
1002 0.0004479647 2.347458 -0.571375 3.257274 -3.307735 4.798034
1004 0.0003362714 2.339362 -0.568358 3.274235 -3.310835 4.799453
1009 0.0002929787 2.344453 -0.570658 3.262340 -3.305991 4.801660
1078 0.0002364155 2.348546 -0.565812 3.259700 -3.311840 4.802876
1094 0.0001834771 2.342865 -0.569677 3.267954 -3.314292 4.801027
1124 0.0001773792 2.353251 -0.567243 3.261797 -3.310135 4.799011
1154 0.0001025302 2.344944 -0.565156 3.266531 -3.313470 4.800025
1249 0.0000533442 2.346869 -0.564850 3.265253 -3.311324 4.799694
1279 0.0000503230 2.347052 -0.564850 3.265728 -3.311234 4.800554
1331 0.0000358189 2.347715 -0.564531 3.265726 -3.310157 4.800111
1399 0.0000353339 2.348018 -0.564462 3.265290 -3.311894 4.800121
1429 0.0000330024 2.347828 -0.564462 3.265723 -3.311894 4.800121
1450 0.0000204502 2.347384 -0.565873 3.266505 -3.312469 4.799854
1463 0.0000165069 2.348519 -0.565408 3.265096 -3.311653 4.799739
1519 0.0000069206 2.348397 -0.565913 3.265723 -3.312325 4.799727
1569 0.0000057911 2.348029 -0.565546 3.266115 -3.312291 4.799642
1631 0.0000042527 2.348525 -0.565468 3.265790 -3.312211 4.799739
1663 0.0000041074 2.348394 -0.565519 3.265849 -3.312269 4.799785
1686 0.0000038759 2.348346 -0.565508 3.265653 -3.311878 4.799773
1710 0.0000034627 2.348455 -0.565628 3.265780 -3.312325 4.799688
1712 0.0000025615 2.348271 -0.565499 3.265863 -3.312145 4.799772
1753 0.0000015341 2.348314 -0.565600 3.265818 -3.312149 4.799731
1811 0.0000012331 2.348332 -0.565531 3.265789 -3.312138 4.799729
1829 0.0000008892 2.348287 -0.565543 3.265882 -3.312212 4.799702
1890 0.0000007842 2.348381 -0.565580 3.265835 -3.312185 4.799659
1892 0.0000006910 2.348306 -0.565565 3.265829 -3.312168 4.799703
1917 0.0000006800 2.348337 -0.565586 3.265820 -3.312198 4.799689
1921 0.0000004125 2.348312 -0.565581 3.265835 -3.312171 4.799660
1951 0.0000003408 2.348310 -0.565584 3.265860 -3.312171 4.799679
1957 0.0000002434 2.348345 -0.565565 3.265852 -3.312160 4.799669
2011 0.0000002275 2.348318 -0.565587 3.265854 -3.312175 4.799673
2062 0.0000002152 2.348323 -0.565571 3.265850 -3.312169 4.799679
2111 0.0000001132 2.348324 -0.565565 3.265852 -3.312172 4.799674
2125 0.0000000902 2.348326 -0.565574 3.265844 -3.312160 4.799666
2170 0.0000000899 2.348338 -0.565572 3.265850 -3.312167 4.799665
2199 0.0000000696 2.348334 -0.565571 3.265849 -3.312163 4.799667
2242 0.0000000504 2.348327 -0.565569 3.265848 -3.312161 4.799668
2286 0.0000000274 2.348330 -0.565573 3.265851 -3.312167 4.799665
2320 0.0000000143 2.348330 -0.565573 3.265850 -3.312165 4.799665
2447 0.0000000123 2.348329 -0.565572 3.265852 -3.312164 4.799663
2453 0.0000000090 2.348329 -0.565573 3.265851 -3.312165 4.799665
2504 0.0000000087 2.348329 -0.565572 3.265852 -3.312164 4.799664
2533 0.0000000079 2.348328 -0.565571 3.265853 -3.312165 4.799665
2534 0.0000000074 2.348329 -0.565572 3.265851 -3.312164 4.799664
2540 0.0000000060 2.348328 -0.565573 3.265852 -3.312164 4.799664
2570 0.0000000059 2.348329 -0.565572 3.265852 -3.312165 4.799664
2600 0.0000000052 2.348328 -0.565572 3.265852 -3.312164 4.799664
2601 0.0000000049 2.348328 -0.565573 3.265852 -3.312165 4.799664
2623 0.0000000036 2.348328 -0.565573 3.265852 -3.312164 4.799665
2650 0.0000000025 2.348328 -0.565573 3.265851 -3.312164 4.799664
2653 0.0000000014 2.348328 -0.565573 3.265852 -3.312164 4.799664
2756 0.0000000013 2.348328 -0.565573 3.265852 -3.312164 4.799664
2765 0.0000000012 2.348328 -0.565573 3.265852 -3.312164 4.799664
2772 0.0000000009 2.348328 -0.565573 3.265852 -3.312164 4.799664
2826 0.0000000007 2.348328 -0.565572 3.265852 -3.312164 4.799664
2850 0.0000000005 2.348328 -0.565573 3.265852 -3.312164 4.799664
2968 0.0000000003 2.348328 -0.565573 3.265852 -3.312164 4.799664
3041 0.0000000002 2.348328 -0.565573 3.265852 -3.312164 4.799664
3500 0.0000000001 2.348328 -0.565573 3.265852 -3.312164 4.799664
10000 0.0019221932 2.317322 -0.606225 3.276239 -3.310285 4.794807
