evaluations raw_y x0 x1 x2 x3 x4
1 569.0645034425 -4.917096 -3.207851 -1.612226 -4.270132 -2.922710
2 6.7860746168 -0.232218 1.256743 2.735787 2.293402 -4.215060
9 5.6615891396 1.490552 4.555777 -0.090725 3.351834 1.772065
24 5.5801290918 2.723686 0.660826 4.183145 2.827621 0.037203
26 3.4263854423 3.725820 0.776329 1.282927 4.099266 1.901833
36 3.3243354413 3.800026 0.939686 1.368209 4.075140 1.829006
56 1.7729558419 4.176390 0.796987 1.181457 4.567636 0.008346
80 1.7503310980 3.610331 -0.109901 1.182609 4.854664 0.482916
86 1.5654776806 4.121491 0.814857 1.254047 4.603999 0.099140
90 1.1142107070 3.791434 -0.095453 1.222282 4.832857 0.079418
186 0.7349022006 5.000000 0.399567 1.217851 4.826036 0.049618
226 0.7198484977 4.967109 0.417349 1.160223 4.783134 0.035407
251 0.7166944117 5.000000 0.042366 1.658513 4.780347 -0.114834
260 0.6087846530 5.000000 -0.017562 1.286013 5.000000 0.002291
291 0.4911938541 5.000000 0.045714 1.009645 4.955230 -0.185713
304 0.4695901358 4.926334 0.062992 1.051062 4.941548 -0.106033
311 0.4120694960 4.900823 0.036587 0.998338 4.949480 -0.449496
324 0.4108463325 4.913296 0.216223 1.024231 4.922203 -0.492761
442 0.3276412798 4.903556 0.219664 1.024918 4.897920 -0.475917
501 0.2924257731 4.901796 0.122849 1.005294 4.640457 -0.435664
612 0.2035392573 4.902529 0.242303 1.053029 5.000000 -0.485932
874 0.1931920787 4.904407 0.145310 1.007898 4.667671 -0.457811
1137 0.1849233748 4.903719 0.044233 1.034578 4.705235 -0.349285
1175 0.1764037075 4.904167 0.088421 1.060713 4.699164 -0.355359
1227 0.1630411393 4.903919 0.040748 1.022285 4.667814 -0.349089
1372 0.1530433020 4.903730 0.004569 0.993122 4.644024 -0.344331
1428 0.1097741869 4.903716 0.004631 0.992144 4.620273 -0.345340
1605 0.0873498905 4.905408 0.024157 1.052203 4.621223 -0.343761
1722 0.0793515544 4.902013 0.003508 1.053922 4.620916 -0.351227
1738 0.0300499215 4.901035 0.005384 1.017885 4.618296 -0.347248
1885 0.0296074825 4.899500 0.000316 1.018590 4.609058 -0.345494
1922 0.0185440980 4.899805 0.009325 1.026945 4.621092 -0.345627
1998 0.0142230676 4.901047 0.007321 1.024353 4.609853 -0.346654
2015 0.0116553615 4.898094 0.007120 1.024661 4.612344 -0.348312
2058 0.0096181867 4.898118 0.007413 1.024348 4.608045 -0.349171
2085 0.0080288021 4.898101 0.007057 1.027124 4.609895 -0.348097
2205 0.0029588472 4.889689 0.010759 1.025420 4.608619 -0.348785
2246 0.0016629065 4.891991 0.010870 1.025853 4.609746 -0.348744
2301 0.0013396279 4.892136 0.011278 1.028055 4.609281 -0.349086
2436 0.0011596980 4.891918 0.010961 1.027375 4.609593 -0.348614
2461 0.0011341664 4.891989 0.011200 1.028278 4.609576 -0.349033
2476 0.0008702769 4.891920 0.010900 1.028033 4.609591 -0.348859
2553 0.0008650897 4.891963 0.010892 1.028035 4.609592 -0.348604
2581 0.0008530929 4.891993 0.011068 1.028102 4.609582 -0.348798
2596 0.0007437840 4.891932 0.010784 1.028051 4.609591 -0.348846
2611 0.0006762600 4.892051 0.011259 1.028129 4.609576 -0.348904
2706 0.0006596690 4.892006 0.010837 1.027925 4.609594 -0.348889
2743 0.0006384501 4.891966 0.010959 1.028421 4.609591 -0.348669
2780 0.0004479735 4.892569 0.010420 1.028107 4.609180 -0.347575
3078 0.0003197666 4.892581 0.010516 1.028539 4.608863 -0.347816
3210 0.0002698878 4.892574 0.010230 1.028068 4.608880 -0.347795
3328 0.0002006442 4.892862 0.010248 1.028077 4.608746 -0.347679
3452 0.0001349141 4.892676 0.010217 1.027892 4.607980 -0.347895
3617 0.0000927005 4.892662 0.010131 1.027889 4.608300 -0.347840
3833 0.0000778112 4.892705 0.010095 1.027872 4.608392 -0.347842
3837 0.0000513335 4.892680 0.010069 1.027885 4.608181 -0.347840
3906 0.0000479242 4.892741 0.010051 1.027741 4.608047 -0.347854
4045 0.0000478981 4.892760 0.010050 1.027709 4.607925 -0.347856
4116 0.0000415142 4.892745 0.009939 1.027606 4.607960 -0.347898
4124 0.0000265687 4.892723 0.009891 1.027668 4.607892 -0.347849
4158 0.0000264991 4.892756 0.009928 1.027580 4.607867 -0.347783
4210 0.0000236674 4.892749 0.009920 1.027585 4.607827 -0.347777
4353 0.0000198850 4.892744 0.009959 1.027694 4.607919 -0.347782
4410 0.0000163309 4.892754 0.009913 1.027604 4.607846 -0.347777
4435 0.0000125829 4.892752 0.009943 1.027735 4.607917 -0.347801
4478 0.0000124494 4.892754 0.009926 1.027669 4.607893 -0.347776
4500 0.0000123678 4.892754 0.009920 1.027664 4.607862 -0.347777
4558 0.0000118154 4.892754 0.009917 1.027666 4.607882 -0.347776
4703 0.0000108968 4.892754 0.009910 1.027670 4.607860 -0.347766
4758 0.0000107338 4.892755 0.009900 1.027632 4.607842 -0.347747
4822 0.0000078767 4.892781 0.009901 1.027650 4.607865 -0.347740
4931 0.0000045297 4.892796 0.009900 1.027660 4.607887 -0.347754
4971 0.0000034679 4.892804 0.009889 1.027668 4.607884 -0.347757
5157 0.0000027482 4.892805 0.009891 1.027663 4.607881 -0.347756
5195 0.0000026202 4.892795 0.009895 1.027658 4.607870 -0.347756
5251 0.0000019750 4.892804 0.009893 1.027674 4.607877 -0.347764
5290 0.0000013412 4.892808 0.009886 1.027660 4.607861 -0.347756
5308 0.0000010491 4.892804 0.009884 1.027664 4.607848 -0.347752
5359 0.0000009451 4.892807 0.009883 1.027660 4.607851 -0.347749
5512 0.0000008937 4.892806 0.009882 1.027662 4.607846 -0.347750
5529 0.0000008679 4.892807 0.009881 1.027661 4.607845 -0.347749
5542 0.0000008666 4.892806 0.009882 1.027662 4.607846 -0.347750
5559 0.0000008344 4.892807 0.009881 1.027661 4.607845 -0.347749
5693 0.0000007119 4.892807 0.009883 1.027663 4.607851 -0.347751
5759 0.0000006610 4.892809 0.009881 1.027660 4.607848 -0.347749
5779 0.0000006366 4.892809 0.009880 1.027660 4.607846 -0.347749
5835 0.0000005257 4.892809 0.009880 1.027661 4.607847 -0.347750
5952 0.0000003974 4.892814 0.009879 1.027661 4.607847 -0.347749
6078 0.0000003906 4.892812 0.009881 1.027664 4.607851 -0.347752
6115 0.0000002530 4.892814 0.009880 1.027665 4.607851 -0.347753
6273 0.0000002233 4.892814 0.009881 1.027664 4.607851 -0.347752
6295 0.0000002141 4.892814 0.009880 1.027665 4.607851 -0.347752
6316 0.0000001885 4.892815 0.009881 1.027664 4.607850 -0.347751
6319 0.0000001377 4.892814 0.009880 1.027664 4.607849 -0.347751
6395 0.0000000862 4.892815 0.009880 1.027664 4.607851 -0.347751
6400 0.0000000817 4.892815 0.009880 1.027665 4.607853 -0.347752
6535 0.0000000708 4.892815 0.009880 1.027664 4.607851 -0.347750
6751 0.0000000549 4.892816 0.009880 1.027666 4.607853 -0.347751
6874 0.0000000332 4.892816 0.009880 1.027666 4.607852 -0.347751
7122 0.0000000330 4.892816 0.009880 1.027666 4.607852 -0.347751
7144 0.0000000316 4.892816 0.009880 1.027666 4.607852 -0.347751
7159 0.0000000258 4.892816 0.009880 1.027666 4.607851 -0.347751
7518 0.0000000255 4.892816 0.009880 1.027666 4.607851 -0.347751
7549 0.0000000232 4.892816 0.009880 1.027666 4.607851 -0.347751
7608 0.0000000214 4.892816 0.009880 1.027666 4.607851 -0.347751
7649 0.0000000199 4.892816 0.009880 1.027666 4.607851 -0.347751
7676 0.0000000172 4.892816 0.009880 1.027666 4.607851 -0.347751
7698 0.0000000148 4.892816 0.009880 1.027666 4.607851 -0.347751
7931 0.0000000075 4.892816 0.009880 1.027666 4.607851 -0.347751
10000 0.0035667072 4.893764 0.011500 1.028804 4.607565 -0.347755
