evaluations raw_y x0 x1 x2 x3 x4
1 21.8014543318 2.903333 4.182121 -0.548499 3.034439 3.927491
2 12.7778725987 -2.432336 -3.122401 -4.765988 1.851626 -2.615309
3 6.1201798000 0.643549 1.522141 0.156489 -0.783369 -0.311769
4 3.1632218257 0.279174 -4.766620 3.622846 -1.097993 4.426476
29 1.4119559808 -1.939564 -2.818367 1.454583 -0.634890 2.280986
43 1.2270521136 -1.917613 -4.560755 1.543819 -3.171628 4.846738
46 1.0996735180 -0.426338 -4.416164 0.803486 -2.687296 3.464507
52 0.4995174305 -2.918887 -2.866431 1.678979 -2.737975 0.092701
141 0.3957513752 -2.335556 -2.873801 1.336409 -3.760730 1.723789
183 0.3760610834 -2.528494 -3.753668 1.995909 -3.108353 1.547511
217 0.3476617064 -3.328680 -3.374712 0.809118 -3.265364 0.289220
221 0.2851370353 -3.047941 -2.813990 2.188981 -2.781264 1.723789
237 0.2542013839 -3.281118 -3.675837 0.920453 -3.265364 2.049557
264 0.2201639238 -2.223191 -2.843063 2.310500 -2.314023 2.282321
279 0.2016932167 -2.263069 -3.850528 0.947654 -3.002718 0.992702
319 0.1270863528 -1.684462 -2.880616 2.398588 -2.138323 1.795087
393 0.1237062305 -1.731845 -3.408377 1.985044 -2.035049 1.851772
421 0.1195017531 -1.302847 -3.373252 2.066564 -2.308225 1.930273
430 0.1132746460 -1.530080 -3.388581 1.935374 -2.408717 1.910163
441 0.1127524686 -1.347449 -2.941078 2.353395 -2.035089 1.808933
447 0.0561531063 -1.115915 -3.034288 2.198640 -2.076144 1.872446
467 0.0524822959 -1.115915 -3.092204 2.134555 -2.076144 1.944858
523 0.0472438398 -1.313608 -3.249502 2.107335 -2.143212 2.084777
616 0.0420155320 -1.178557 -2.979528 2.358610 -2.134258 1.921366
643 0.0392531128 -1.313608 -3.249502 2.107335 -2.143212 2.007843
644 0.0241511505 -1.251102 -3.108575 2.179093 -2.134198 1.852362
790 0.0223430622 -1.221297 -3.086965 2.228827 -2.094964 1.886033
794 0.0219518741 -1.269196 -3.111132 2.161502 -2.179972 1.934205
813 0.0209533278 -1.206357 -3.130267 2.156358 -2.159650 1.868762
816 0.0202479768 -1.236715 -3.152546 2.134535 -2.172544 1.901399
841 0.0196560003 -1.205757 -3.145562 2.153073 -2.104058 1.953827
870 0.0175872867 -1.205091 -3.116216 2.231937 -2.076518 1.907069
891 0.0152436513 -1.209052 -3.129279 2.245641 -2.085711 1.956466
892 0.0087703106 -1.184602 -3.134246 2.241418 -2.071780 1.980808
912 0.0056184520 -1.184602 -3.134246 2.205053 -2.088076 1.980563
921 0.0049824403 -1.175917 -3.119502 2.215458 -2.101857 1.937843
1006 0.0045239382 -1.174892 -3.127801 2.215731 -2.090732 1.956227
1070 0.0033939897 -1.199618 -3.134090 2.205706 -2.109452 1.978471
1108 0.0021186544 -1.174750 -3.130405 2.211904 -2.094020 1.983959
1157 0.0019149007 -1.167789 -3.121198 2.227246 -2.089234 1.985123
1168 0.0017779427 -1.175844 -3.130405 2.213486 -2.093000 1.979810
1175 0.0005275619 -1.173863 -3.126005 2.220790 -2.095645 1.980672
1350 0.0004133723 -1.172707 -3.126651 2.218464 -2.095671 1.975410
1375 0.0003847678 -1.173340 -3.126005 2.219737 -2.095645 1.978290
1383 0.0002801761 -1.172951 -3.124628 2.221968 -2.094390 1.975260
1387 0.0002216312 -1.172236 -3.125477 2.220273 -2.096410 1.975774
1456 0.0001640930 -1.173958 -3.126437 2.219873 -2.095865 1.976782
1499 0.0001615092 -1.173886 -3.126167 2.220149 -2.096416 1.975476
1527 0.0001323462 -1.173776 -3.125224 2.220406 -2.096134 1.975774
1567 0.0001056396 -1.173603 -3.125592 2.220624 -2.095940 1.975014
1616 0.0001000290 -1.173430 -3.125790 2.220381 -2.095865 1.975408
1627 0.0000959182 -1.173498 -3.125592 2.220439 -2.095998 1.975252
1640 0.0000933070 -1.173948 -3.125335 2.220389 -2.095962 1.975434
1657 0.0000155554 -1.174479 -3.125958 2.219956 -2.096227 1.975355
1866 0.0000132706 -1.174528 -3.125913 2.220031 -2.096168 1.975309
1912 0.0000130449 -1.174503 -3.125960 2.219937 -2.096188 1.975394
1921 0.0000128491 -1.174291 -3.125790 2.220190 -2.096062 1.975427
1978 0.0000106203 -1.174517 -3.125886 2.220063 -2.096113 1.975363
1980 0.0000091020 -1.174495 -3.125870 2.220045 -2.096211 1.975359
1991 0.0000075543 -1.174466 -3.125900 2.219982 -2.096247 1.975362
2023 0.0000070193 -1.174431 -3.125829 2.220032 -2.096192 1.975405
2050 0.0000065235 -1.174358 -3.125855 2.220066 -2.096185 1.975319
2060 0.0000049325 -1.174419 -3.125870 2.220045 -2.096211 1.975337
2078 0.0000024740 -1.174407 -3.125871 2.220024 -2.096181 1.975359
2196 0.0000019294 -1.174395 -3.125840 2.220056 -2.096178 1.975338
2202 0.0000011644 -1.174394 -3.125846 2.220060 -2.096183 1.975349
2265 0.0000007924 -1.174385 -3.125843 2.220063 -2.096169 1.975377
2293 0.0000006961 -1.174393 -3.125847 2.220057 -2.096175 1.975371
2358 0.0000004627 -1.174397 -3.125847 2.220062 -2.096170 1.975378
2375 0.0000004625 -1.174393 -3.125848 2.220058 -2.096169 1.975369
2418 0.0000003353 -1.174397 -3.125847 2.220062 -2.096165 1.975378
2426 0.0000003159 -1.174399 -3.125846 2.220060 -2.096171 1.975373
2471 0.0000002678 -1.174391 -3.125846 2.220061 -2.096168 1.975374
2475 0.0000002521 -1.174396 -3.125848 2.220061 -2.096169 1.975373
2477 0.0000002234 -1.174394 -3.125846 2.220062 -2.096166 1.975377
2494 0.0000001528 -1.174394 -3.125845 2.220063 -2.096169 1.975372
2521 0.0000001482 -1.174397 -3.125844 2.220063 -2.096169 1.975373
2538 0.0000001400 -1.174394 -3.125846 2.220063 -2.096166 1.975376
2558 0.0000001373 -1.174394 -3.125846 2.220063 -2.096166 1.975376
2598 0.0000000950 -1.174397 -3.125846 2.220063 -2.096168 1.975374
2641 0.0000000881 -1.174397 -3.125845 2.220064 -2.096167 1.975374
2658 0.0000000775 -1.174397 -3.125846 2.220063 -2.096167 1.975374
2713 0.0000000714 -1.174395 -3.125845 2.220064 -2.096166 1.975374
2719 0.0000000676 -1.174395 -3.125846 2.220063 -2.096166 1.975375
2733 0.0000000492 -1.174395 -3.125845 2.220063 -2.096167 1.975375
2740 0.0000000403 -1.174395 -3.125845 2.220063 -2.096167 1.975374
2743 0.0000000325 -1.174396 -3.125845 2.220063 -2.096167 1.975374
2792 0.0000000181 -1.174396 -3.125845 2.220064 -2.096167 1.975375
2823 0.0000000170 -1.174395 -3.125845 2.220063 -2.096167 1.975374
2843 0.0000000122 -1.174395 -3.125845 2.220064 -2.096167 1.975375
2906 0.0000000089 -1.174395 -3.125845 2.220064 -2.096167 1.975374
2937 0.0000000086 -1.174396 -3.125845 2.220064 -2.096167 1.975374
2939 0.0000000064 -1.174395 -3.125845 2.220064 -2.096167 1.975374
2983 0.0000000057 -1.174395 -3.125845 2.220063 -2.096167 1.975374
3052 0.0000000033 -1.174395 -3.125845 2.220064 -2.096167 1.975374
3059 0.0000000028 -1.174395 -3.125845 2.220064 -2.096167 1.975374
3102 0.0000000022 -1.174396 -3.125845 2.220064 -2.096167 1.975374
3146 0.0000000019 -1.174395 -3.125845 2.220064 -2.096167 1.975374
3199 0.0000000017 -1.174395 -3.125845 2.220064 -2.096167 1.975374
3238 0.0000000014 -1.174396 -3.125845 2.220064 -2.096167 1.975374
3281 0.0000000012 -1.174396 -3.125845 2.220064 -2.096167 1.975374
3317 0.0000000010 -1.174396 -3.125845 2.220064 -2.096167 1.975374
3397 0.0000000009 -1.174395 -3.125845 2.220064 -2.096167 1.975374
3508 0.0000000008 -1.174395 -3.125845 2.220064 -2.096167 1.975374
3572 0.0000000004 -1.174395 -3.125845 2.220064 -2.096167 1.975374
3801 0.0000000003 -1.174395 -3.125845 2.220064 -2.096167 1.975374
3967 0.0000000002 -1.174395 -3.125845 2.220064 -2.096167 1.975374
4231 0.0000000001 -1.174395 -3.125845 2.220064 -2.096167 1.975374
10000 0.0000000000 -1.174395 -3.125845 2.220064 -2.096167 1.975374
