evaluations raw_y
1 5.8160910214
3 2.0040342306
9 0.7923697482
24 0.4251265666
59 0.2001919245
91 0.1953566668
183 0.1301994870
237 0.1299955592
306 0.1286383150
351 0.1127035524
375 0.1032579600
386 0.0937554102
400 0.0770643898
404 0.0300290805
453 0.0254373953
699 0.0240442705
830 0.0236629930
845 0.0216726083
880 0.0190974140
900 0.0169563644
904 0.0166968121
917 0.0134694185
919 0.0118729940
950 0.0108287218
994 0.0106203636
998 0.0061672533
1049 0.0055316200
1072 0.0045571877
1113 0.0036287788
1187 0.0032749638
1214 0.0032127125
1288 0.0030715557
1296 0.0030387256
1379 0.0027173384
1433 0.0027161207
1517 0.0022757271
1584 0.0022475206
1668 0.0022372571
1677 0.0021836423
1814 0.0021591223
1872 0.0021551484
1930 0.0021493329
1952 0.0021453712
2008 0.0021420950
2039 0.0021418232
2093 0.0021415958
2107 0.0021398334
2114 0.0021374586
2161 0.0021329706
2181 0.0021233388
2224 0.0021229684
2231 0.0021203012
2287 0.0021148025
2330 0.0021133381
2344 0.0021123065
2406 0.0021122765
2428 0.0021119095
2442 0.0021090893
2447 0.0021086847
2478 0.0021079271
2492 0.0021078326
2506 0.0021077443
2543 0.0021076433
2564 0.0021075536
2574 0.0021065844
2578 0.0021060075
2593 0.0021058475
2600 0.0021052486
2628 0.0021041176
2648 0.0021041033
2649 0.0021032702
2657 0.0021026967
2688 0.0021022153
2692 0.0021018095
2700 0.0021014396
2703 0.0021002587
2707 0.0020994990
2716 0.0020985135
2721 0.0020982716
2766 0.0020975874
2808 0.0020963743
2817 0.0020896371
2851 0.0020883822
2856 0.0020874386
2901 0.0020868275
2904 0.0020865387
2906 0.0020860652
2916 0.0020849544
2942 0.0020837348
2966 0.0020811574
2985 0.0020801551
3036 0.0020798378
3037 0.0020764752
3038 0.0020746102
3088 0.0020745688
3104 0.0020737626
3133 0.0020695954
3138 0.0020688530
3139 0.0020679973
3209 0.0020679792
3216 0.0020676529
3273 0.0020633945
3344 0.0020601352
3346 0.0020586518
3384 0.0020570268
3404 0.0020535415
3413 0.0020519496
3426 0.0020440584
3478 0.0020425767
3513 0.0020420160
3515 0.0020414519
3544 0.0020358631
3559 0.0020339521
3611 0.0020268117
3620 0.0020225002
3637 0.0020194290
3670 0.0020183974
3685 0.0020178755
3715 0.0020178595
3732 0.0020171676
3761 0.0020168663
3784 0.0020052007
3832 0.0019973482
3887 0.0019972691
3932 0.0019971042
3940 0.0019967935
3965 0.0019967122
3973 0.0019964320
3986 0.0019934785
3990 0.0019818271
4046 0.0019774120
4082 0.0019689869
4089 0.0019582061
4218 0.0019559784
4224 0.0019489613
4353 0.0019402970
4430 0.0019376657
4509 0.0019264837
4526 0.0019232852
4567 0.0019179804
4576 0.0019131278
4627 0.0019128336
4655 0.0018870827
4713 0.0018853303
4717 0.0018836540
4722 0.0018804094
4830 0.0018753680
4869 0.0018681632
5069 0.0018583897
5099 0.0018563816
5105 0.0018487269
5214 0.0018197649
5282 0.0018113375
5314 0.0018108849
5382 0.0018108629
5427 0.0018007371
5432 0.0017893144
5576 0.0017853156
5736 0.0017853017
5799 0.0017829749
5885 0.0017775224
6296 0.0017682929
6301 0.0017682621
6304 0.0017677536
6314 0.0017668453
6359 0.0017633769
6400 0.0017627741
6414 0.0017627003
6415 0.0017622539
6429 0.0017622453
6442 0.0017618445
6454 0.0017607781
6464 0.0017590641
6554 0.0017589095
6577 0.0017445949
6601 0.0017326542
6743 0.0017317150
6780 0.0017311477
6793 0.0017311322
6815 0.0017302115
6843 0.0017300780
6867 0.0017289213
6917 0.0017285647
6924 0.0017271932
7000 0.0017244057
7024 0.0017234224
7065 0.0017208492
7123 0.0017191787
7174 0.0017187904
7198 0.0017185741
7230 0.0017164302
7261 0.0017145742
7287 0.0017145597
7324 0.0017132502
7327 0.0017131863
7331 0.0017128930
7337 0.0017119191
7400 0.0017111771
7401 0.0017106220
7433 0.0017100764
7467 0.0017094283
7474 0.0017092564
7512 0.0017079209
7543 0.0017077122
7569 0.0017071104
7573 0.0017052585
7611 0.0017040001
7621 0.0017033940
7632 0.0017032284
7661 0.0017030368
7688 0.0017029486
7689 0.0017026520
7709 0.0017020491
7721 0.0017012029
7724 0.0017011748
7771 0.0017007441
7793 0.0016988725
7821 0.0016986137
7824 0.0016982829
7852 0.0016982700
7886 0.0016978423
7894 0.0016971219
7902 0.0016971019
7941 0.0016965595
7961 0.0016964657
7966 0.0016964097
7977 0.0016963627
7987 0.0016962480
8013 0.0016960643
8041 0.0016960242
8056 0.0016959683
8064 0.0016958404
8065 0.0016955067
8066 0.0016954697
8068 0.0016951991
8089 0.0016950043
8108 0.0016947996
8133 0.0016943555
8169 0.0016941208
8180 0.0016940582
8194 0.0016939130
8219 0.0016938638
8226 0.0016937880
8230 0.0016936157
8260 0.0016932710
8262 0.0016932111
8264 0.0016930045
8286 0.0016928906
8294 0.0016928044
8313 0.0016926630
8324 0.0016925996
8341 0.0016925710
8347 0.0016922946
8353 0.0016920904
8365 0.0016919712
8391 0.0016917220
8409 0.0016916232
8428 0.0016915003
8432 0.0016912638
8437 0.0016906415
8445 0.0016905763
8448 0.0016901522
8460 0.0016899315
8462 0.0016896935
8463 0.0016896822
8468 0.0016896147
8492 0.0016895367
8511 0.0016892622
8513 0.0016892369
8547 0.0016891862
8552 0.0016888353
8555 0.0016888206
8570 0.0016887916
8571 0.0016886130
8617 0.0016881319
8647 0.0016879966
8693 0.0016879074
8702 0.0016878850
8717 0.0016878754
8728 0.0016878738
8742 0.0016877945
8746 0.0016877527
8747 0.0016874050
8765 0.0016873188
8766 0.0016872713
8789 0.0016869690
8791 0.0016866370
8846 0.0016865720
8850 0.0016865236
8855 0.0016864782
8870 0.0016863389
8871 0.0016863250
8895 0.0016861935
8915 0.0016861411
8926 0.0016861355
8941 0.0016861148
8942 0.0016860679
8949 0.0016859826
8962 0.0016857237
8977 0.0016857105
8980 0.0016856796
9009 0.0016854706
9012 0.0016853951
9019 0.0016852902
9027 0.0016852655
9039 0.0016852581
9043 0.0016851356
9046 0.0016850463
9047 0.0016849625
9050 0.0016846812
9084 0.0016846706
9087 0.0016844746
9113 0.0016843038
9134 0.0016842643
9137 0.0016842060
9142 0.0016841104
9165 0.0016840173
9192 0.0016839899
9193 0.0016839715
9197 0.0016838181
9202 0.0016837097
9232 0.0016836464
9233 0.0016835409
9234 0.0016834761
9244 0.0016834074
9250 0.0016833566
9264 0.0016831695
9273 0.0016830478
9278 0.0016828769
9281 0.0016826223
9287 0.0016825978
9326 0.0016825615
9331 0.0016824658
9354 0.0016824555
9364 0.0016824454
9402 0.0016824409
9417 0.0016823318
9422 0.0016822770
9433 0.0016822548
9436 0.0016822388
9438 0.0016820746
9447 0.0016820330
9469 0.0016818546
9510 0.0016817274
9550 0.0016817113
9573 0.0016817011
9579 0.0016816680
9607 0.0016816392
9629 0.0016815868
9636 0.0016814151
9652 0.0016813259
9665 0.0016812365
9683 0.0016811944
9697 0.0016811858
9717 0.0016811429
9726 0.0016811337
9729 0.0016811073
9739 0.0016808738
9770 0.0016808139
9806 0.0016807279
9808 0.0016807232
9856 0.0016807185
9863 0.0016804054
9875 0.0016803425
9876 0.0016803051
9909 0.0016800407
9910 0.0016798945
9943 0.0016798903
9948 0.0016798840
9963 0.0016797046
9967 0.0016796258
10000 0.0016795627
