evaluations raw_y x0 x1 x2 x3 x4
1 48.9007096622 -0.175831 -3.478563 -1.813066 4.091270 -4.173658
2 44.5400007402 -3.783148 2.769537 0.801998 -4.798396 -3.762718
3 40.3803420610 4.796537 0.027071 0.960290 1.470220 -2.838614
4 12.6073352769 -3.525377 1.840407 -4.208748 4.994358 3.843453
5 6.2322403831 -0.898762 0.011631 4.369385 -2.370559 2.932798
11 2.4162406353 -3.062051 -4.026701 -0.353805 0.877653 3.959920
22 2.2743813909 -3.941320 -1.739275 1.114518 0.781239 4.098335
32 2.2659475699 -2.163424 -0.095186 -1.474908 0.562143 2.707093
57 1.6820618420 -3.003355 -1.854699 1.192255 -0.624359 5.000000
77 1.1603611162 -0.264655 0.085600 1.110325 -0.104234 3.682788
102 0.9413870303 -1.329074 -1.843107 1.076712 -0.104234 3.682788
107 0.9185544184 -1.236593 -1.854699 1.192255 -1.487096 4.341273
111 0.3694290115 -0.926404 -0.744960 0.722667 -0.243983 3.823557
206 0.3525115177 -1.022363 -0.791892 0.765545 -0.315662 4.390947
269 0.2828621941 -1.534313 -0.668568 0.341853 -0.497298 4.047457
307 0.1904568829 -1.159770 -0.947954 0.666420 -0.584414 3.813987
317 0.1521937365 -1.423268 -0.703890 0.520975 -0.299124 3.714461
350 0.1275624083 -1.347246 -0.703947 0.767377 -0.274406 3.749248
409 0.1106190551 -1.364649 -0.756257 0.850257 -0.484615 3.900451
426 0.0747840991 -1.468773 -0.770252 0.549707 -0.405829 3.950863
476 0.0449856610 -1.473935 -0.769984 0.549707 -0.301097 3.950863
501 0.0442901732 -1.473935 -0.769984 0.576612 -0.359672 3.950863
551 0.0364922742 -1.484719 -0.769984 0.585185 -0.345577 3.950863
589 0.0194172117 -1.394356 -0.788444 0.659290 -0.338358 3.966337
709 0.0124941876 -1.426240 -0.794650 0.674559 -0.360459 3.979849
755 0.0068623013 -1.457043 -0.798401 0.659290 -0.355972 3.972315
844 0.0055027373 -1.432603 -0.813594 0.638270 -0.362842 3.950413
878 0.0034407347 -1.438465 -0.804145 0.635159 -0.352589 3.967401
953 0.0024056389 -1.442822 -0.807393 0.635159 -0.352589 3.972612
1023 0.0011731480 -1.431529 -0.813184 0.632265 -0.355466 3.968265
1168 0.0011062657 -1.434919 -0.808073 0.643117 -0.357266 3.963982
1226 0.0009401157 -1.430535 -0.814642 0.639600 -0.359448 3.967359
1302 0.0007293171 -1.429103 -0.810632 0.641153 -0.358713 3.967349
1330 0.0004235888 -1.429775 -0.812800 0.638700 -0.357194 3.969614
1370 0.0003497782 -1.431968 -0.812803 0.639987 -0.359209 3.971835
1455 0.0003439980 -1.429765 -0.813353 0.641076 -0.360600 3.969614
1476 0.0003263746 -1.431593 -0.813280 0.637367 -0.358668 3.970655
1479 0.0003102208 -1.431677 -0.813394 0.637601 -0.359326 3.969694
1492 0.0002672304 -1.430489 -0.811370 0.640529 -0.358565 3.969317
1531 0.0001730687 -1.430642 -0.811580 0.639646 -0.358761 3.969135
1564 0.0001658037 -1.430601 -0.811851 0.640495 -0.358409 3.968930
1606 0.0000991862 -1.430738 -0.812150 0.638908 -0.358560 3.969135
1614 0.0000863008 -1.430601 -0.811991 0.640134 -0.358483 3.969080
1656 0.0000540301 -1.430974 -0.812150 0.639760 -0.358589 3.969452
1676 0.0000370458 -1.431183 -0.812208 0.639247 -0.358331 3.969351
1707 0.0000255338 -1.431022 -0.812332 0.639119 -0.358461 3.969265
1864 0.0000207050 -1.430943 -0.812011 0.639515 -0.358237 3.969443
1918 0.0000199817 -1.430570 -0.812374 0.639209 -0.358476 3.969293
1922 0.0000110372 -1.430711 -0.812430 0.639296 -0.358629 3.969295
2011 0.0000089873 -1.430920 -0.812127 0.639268 -0.358347 3.969296
2083 0.0000036278 -1.430895 -0.812187 0.639281 -0.358367 3.969319
2207 0.0000031924 -1.430953 -0.812145 0.639261 -0.358299 3.969338
2226 0.0000031163 -1.430883 -0.812174 0.639315 -0.358353 3.969329
2238 0.0000025316 -1.430881 -0.812176 0.639341 -0.358368 3.969300
2241 0.0000013634 -1.430908 -0.812153 0.639309 -0.358328 3.969317
2258 0.0000013063 -1.430862 -0.812186 0.639306 -0.358359 3.969301
2281 0.0000011089 -1.430886 -0.812165 0.639300 -0.358334 3.969315
2340 0.0000007932 -1.430894 -0.812170 0.639296 -0.358341 3.969299
2381 0.0000007724 -1.430891 -0.812187 0.639279 -0.358354 3.969301
2406 0.0000005631 -1.430887 -0.812187 0.639282 -0.358356 3.969300
2463 0.0000004360 -1.430887 -0.812178 0.639297 -0.358351 3.969295
2538 0.0000003272 -1.430886 -0.812173 0.639303 -0.358348 3.969294
2622 0.0000002030 -1.430885 -0.812178 0.639289 -0.358346 3.969308
2695 0.0000001035 -1.430887 -0.812175 0.639294 -0.358348 3.969296
2798 0.0000000649 -1.430883 -0.812177 0.639298 -0.358351 3.969300
2920 0.0000000458 -1.430886 -0.812174 0.639296 -0.358348 3.969295
2967 0.0000000398 -1.430884 -0.812173 0.639298 -0.358348 3.969295
3145 0.0000000281 -1.430884 -0.812174 0.639298 -0.358349 3.969295
3154 0.0000000091 -1.430884 -0.812174 0.639298 -0.358348 3.969295
3164 0.0000000054 -1.430884 -0.812173 0.639298 -0.358348 3.969294
3500 0.0000000049 -1.430884 -0.812173 0.639298 -0.358348 3.969294
3506 0.0000000044 -1.430885 -0.812174 0.639298 -0.358348 3.969295
3531 0.0000000034 -1.430885 -0.812174 0.639298 -0.358348 3.969294
3613 0.0000000032 -1.430885 -0.812174 0.639298 -0.358348 3.969295
3623 0.0000000025 -1.430885 -0.812174 0.639298 -0.358348 3.969295
3630 0.0000000017 -1.430884 -0.812174 0.639298 -0.358348 3.969294
3815 0.0000000015 -1.430885 -0.812174 0.639298 -0.358348 3.969295
3903 0.0000000012 -1.430885 -0.812174 0.639298 -0.358348 3.969295
3940 0.0000000007 -1.430885 -0.812174 0.639298 -0.358348 3.969295
4042 0.0000000004 -1.430885 -0.812174 0.639298 -0.358348 3.969295
4083 0.0000000002 -1.430885 -0.812174 0.639298 -0.358348 3.969295
4592 0.0000000001 -1.430885 -0.812174 0.639298 -0.358348 3.969295
10000 0.0000000000 -1.430885 -0.812174 0.639298 -0.358348 3.969295
