evaluations raw_y x0 x1 x2 x3 x4
1 0.4673486725 -0.229195 2.999358 2.234092 1.099624 -2.900671
3 0.4123565941 3.999232 -2.082466 -0.740590 4.848525 1.238156
10 0.4047491204 2.558201 0.344847 -0.993495 1.355378 -2.137471
21 0.0843739181 2.893386 4.752620 1.551491 -3.080033 -1.035500
125 0.0442237173 2.318205 5.000000 3.039312 -3.241324 -0.024342
152 0.0169808813 2.893386 5.000000 2.283082 -2.563427 -0.157170
319 0.0143141951 3.322144 4.639529 1.271630 -2.021658 -0.162294
355 0.0127826953 3.101988 5.000000 1.719495 -2.222327 -0.170022
366 0.0054314334 3.135576 4.963976 1.800301 -2.327252 -0.174745
490 0.0027669471 3.346867 4.765700 1.547220 -2.107356 -0.186803
620 0.0009481516 3.166760 4.985350 1.879559 -2.398448 -0.149613
861 0.0009291654 3.147352 4.985790 1.891100 -2.412457 -0.152068
940 0.0004168270 3.170250 4.965315 1.875075 -2.387469 -0.153272
1075 0.0002883422 3.185540 4.955428 1.843087 -2.359047 -0.156223
1106 0.0002480051 3.139761 5.000000 1.930506 -2.438510 -0.149853
1205 0.0002386145 3.208352 4.930532 1.802976 -2.323230 -0.159406
1268 0.0002150670 3.140268 4.996438 1.924019 -2.437365 -0.150566
1409 0.0002074071 3.136903 4.999229 1.930824 -2.442714 -0.150369
1491 0.0002005422 3.190150 4.948587 1.834213 -2.355419 -0.155662
1545 0.0001882577 3.194778 4.945533 1.828534 -2.346666 -0.157499
1550 0.0001684108 3.183022 4.956971 1.850183 -2.367021 -0.155135
1553 0.0001606709 3.159109 4.980144 1.892161 -2.406822 -0.152153
1661 0.0001594553 3.162364 4.976565 1.886521 -2.402108 -0.152907
1664 0.0001563413 3.155256 4.983948 1.900427 -2.414002 -0.152011
1683 0.0001542914 3.158999 4.979569 1.892107 -2.406439 -0.152623
1751 0.0001470138 3.241754 4.900989 1.743401 -2.270342 -0.162097
1786 0.0001460053 3.210334 4.930812 1.799110 -2.321932 -0.159199
1790 0.0001439232 3.214484 4.927325 1.792476 -2.315945 -0.158934
1810 0.0001392871 3.250274 4.893057 1.727515 -2.256781 -0.163159
1861 0.0001346759 3.248486 4.894422 1.730309 -2.259363 -0.163050
1868 0.0001299417 3.259299 4.883677 1.710423 -2.241303 -0.164414
1884 0.0001270003 3.281055 4.862578 1.670811 -2.205861 -0.166689
1944 0.0001179566 3.317914 4.827153 1.604433 -2.145294 -0.170448
1953 0.0001145186 3.344899 4.800980 1.555257 -2.100403 -0.173369
2061 0.0001088293 3.384652 4.762406 1.482928 -2.035632 -0.177618
2103 0.0001061147 3.418768 4.729880 1.421197 -1.979688 -0.181375
2112 0.0001044536 3.390779 4.756746 1.471844 -2.025350 -0.178599
2125 0.0001014395 3.394785 4.753092 1.465391 -2.018944 -0.178929
2145 0.0000977127 3.447537 4.701912 1.369015 -1.932276 -0.184412
2179 0.0000903730 3.450471 4.699196 1.364308 -1.927709 -0.184810
2200 0.0000879550 3.453466 4.696220 1.359099 -1.922768 -0.185092
2256 0.0000840521 3.485893 4.664738 1.299987 -1.869491 -0.188574
2271 0.0000838941 3.464150 4.685466 1.339088 -1.905045 -0.186252
2285 0.0000833868 3.481259 4.669088 1.308252 -1.877092 -0.188170
2311 0.0000831059 3.468922 4.680803 1.330515 -1.897435 -0.186774
2322 0.0000814106 3.475363 4.674887 1.319221 -1.886962 -0.187352
2359 0.0000799279 3.489595 4.660872 1.293176 -1.863444 -0.189034
2413 0.0000760415 3.507631 4.643335 1.260645 -1.833897 -0.190876
2447 0.0000758561 3.516087 4.635346 1.245504 -1.820077 -0.191320
2460 0.0000725695 3.532212 4.619425 1.215962 -1.793579 -0.193303
2518 0.0000720954 3.511733 4.639427 1.253432 -1.827293 -0.191056
2523 0.0000708196 3.535745 4.615815 1.209517 -1.787849 -0.193647
2526 0.0000695430 3.564587 4.587797 1.157340 -1.740419 -0.196526
2542 0.0000672188 3.559032 4.593199 1.167409 -1.749482 -0.195731
2565 0.0000632565 3.574919 4.577687 1.138812 -1.723608 -0.197339
2716 0.0000616285 3.585179 4.567513 1.120271 -1.706886 -0.198254
2729 0.0000615620 3.583622 4.569303 1.123264 -1.709504 -0.198212
2751 0.0000602538 3.584818 4.567924 1.121010 -1.707578 -0.198266
2779 0.0000598074 3.589536 4.563273 1.112500 -1.699880 -0.198576
2804 0.0000595233 3.600324 4.552854 1.093168 -1.682373 -0.199829
2807 0.0000588336 3.598729 4.554260 1.095845 -1.684935 -0.199574
2832 0.0000578768 3.590627 4.562406 1.110556 -1.698112 -0.198820
2833 0.0000577179 3.583785 4.569007 1.122954 -1.709461 -0.198192
2846 0.0000555491 3.603576 4.549696 1.087291 -1.677153 -0.200041
2872 0.0000554319 3.596427 4.556667 1.100265 -1.688907 -0.199229
2894 0.0000550282 3.603171 4.550130 1.088024 -1.677778 -0.199964
2909 0.0000536178 3.616355 4.537351 1.064272 -1.656294 -0.201305
2927 0.0000504259 3.609950 4.543573 1.075709 -1.666885 -0.200658
2975 0.0000495351 3.658073 4.496842 0.989314 -1.588579 -0.205149
2980 0.0000471927 3.635388 4.518862 1.030003 -1.625463 -0.203042
2992 0.0000439547 3.654332 4.500337 0.995645 -1.594506 -0.204872
3055 0.0000434259 3.651835 4.502809 1.000267 -1.598707 -0.204538
3072 0.0000424025 3.676810 4.478723 0.955261 -1.557897 -0.207123
3076 0.0000411904 3.682744 4.473001 0.944781 -1.548557 -0.207603
3101 0.0000369717 3.689395 4.466365 0.932545 -1.537612 -0.208203
3124 0.0000366984 3.694590 4.461302 0.923044 -1.528922 -0.208778
3126 0.0000343987 3.690164 4.465562 0.930918 -1.536216 -0.208341
3148 0.0000339081 3.706624 4.449636 0.901406 -1.509470 -0.209895
3160 0.0000323163 3.694550 4.461408 0.923055 -1.529226 -0.208762
3173 0.0000298394 3.761745 4.396112 0.801823 -1.419617 -0.215282
3176 0.0000293979 3.766733 4.391382 0.792896 -1.411427 -0.215797
3178 0.0000281477 3.735732 4.421380 0.848735 -1.462022 -0.212784
3184 0.0000236213 3.763496 4.394492 0.798533 -1.416628 -0.215572
3189 0.0000224258 3.760544 4.397174 0.803417 -1.421156 -0.215339
3233 0.0000221540 3.767020 4.391187 0.792145 -1.410988 -0.215910
3237 0.0000212913 3.770151 4.387945 0.786239 -1.405616 -0.216301
3300 0.0000209230 3.764407 4.393455 0.796583 -1.414865 -0.215698
3304 0.0000205834 3.770745 4.387471 0.785365 -1.404786 -0.216280
3307 0.0000202687 3.767902 4.390118 0.790182 -1.409171 -0.216104
3375 0.0000195579 3.774486 4.383692 0.778328 -1.398409 -0.216733
3378 0.0000176653 3.776157 4.382093 0.775323 -1.395711 -0.216865
3396 0.0000166733 3.783882 4.374721 0.761300 -1.383016 -0.217784
3506 0.0000148720 3.794337 4.364487 0.742130 -1.365659 -0.218837
3570 0.0000130979 3.780491 4.377924 0.767406 -1.388471 -0.217329
3641 0.0000127031 3.783112 4.375538 0.762743 -1.384319 -0.217644
3665 0.0000115173 3.788234 4.370432 0.753260 -1.375696 -0.218179
3686 0.0000090203 3.788109 4.370706 0.753589 -1.375976 -0.218185
3705 0.0000076055 3.788456 4.370316 0.752951 -1.375420 -0.218183
3748 0.0000063915 3.787913 4.370910 0.753940 -1.376319 -0.218089
3793 0.0000060451 3.789681 4.369212 0.750740 -1.373412 -0.218267
3831 0.0000053946 3.792265 4.366664 0.745980 -1.369084 -0.218572
3960 0.0000050400 3.794750 4.364283 0.741519 -1.365046 -0.218825
4010 0.0000049679 3.793990 4.365019 0.742924 -1.366305 -0.218733
4072 0.0000044902 3.793587 4.365390 0.743625 -1.366937 -0.218708
4106 0.0000042381 3.796331 4.362752 0.738661 -1.362425 -0.219015
4158 0.0000040885 3.796734 4.362366 0.737934 -1.361772 -0.219075
4168 0.0000040007 3.795623 4.363449 0.739943 -1.363580 -0.218936
4182 0.0000039616 3.796519 4.362574 0.738322 -1.362099 -0.219040
4218 0.0000039571 3.794980 4.364085 0.741150 -1.364673 -0.218874
4226 0.0000037035 3.797076 4.362068 0.737344 -1.361226 -0.219117
4229 0.0000032125 3.797855 4.361300 0.735884 -1.359879 -0.219225
4255 0.0000028729 3.800321 4.358918 0.731392 -1.355802 -0.219511
4354 0.0000027692 3.799627 4.359595 0.732679 -1.356971 -0.219435
4363 0.0000025530 3.802199 4.357122 0.727984 -1.352689 -0.219757
4364 0.0000025184 3.801489 4.357832 0.729314 -1.353892 -0.219647
4386 0.0000023466 3.801827 4.357506 0.728701 -1.353343 -0.219687
4398 0.0000021771 3.804407 4.355035 0.723971 -1.349033 -0.220024
4430 0.0000019580 3.802425 4.356925 0.727594 -1.352342 -0.219767
4445 0.0000017343 3.806198 4.353306 0.720715 -1.346077 -0.220237
4455 0.0000016159 3.805684 4.353810 0.721671 -1.346949 -0.220172
4495 0.0000012612 3.807709 4.351877 0.717983 -1.343555 -0.220438
4546 0.0000012568 3.807355 4.352209 0.718631 -1.344145 -0.220394
4568 0.0000011447 3.806826 4.352714 0.719571 -1.345026 -0.220328
4640 0.0000008424 3.807637 4.351945 0.718111 -1.343682 -0.220430
4697 0.0000007287 3.807270 4.352297 0.718780 -1.344297 -0.220389
4749 0.0000007001 3.807815 4.351776 0.717783 -1.343389 -0.220464
4814 0.0000006730 3.808282 4.351334 0.716940 -1.342609 -0.220519
4831 0.0000006058 3.808057 4.351546 0.717340 -1.342980 -0.220493
4909 0.0000005575 3.808331 4.351281 0.716845 -1.342526 -0.220533
4928 0.0000004958 3.808111 4.351494 0.717245 -1.342895 -0.220501
4975 0.0000004534 3.808654 4.350981 0.716262 -1.341991 -0.220573
4998 0.0000003319 3.808841 4.350800 0.715918 -1.341675 -0.220600
5140 0.0000002842 3.809165 4.350491 0.715323 -1.341130 -0.220645
5189 0.0000002767 3.809011 4.350638 0.715604 -1.341392 -0.220623
5268 0.0000002742 3.809085 4.350566 0.715467 -1.341264 -0.220634
5271 0.0000002468 3.809061 4.350590 0.715514 -1.341307 -0.220631
5348 0.0000002064 3.809457 4.350213 0.714789 -1.340642 -0.220686
5417 0.0000002006 3.809453 4.350216 0.714796 -1.340649 -0.220685
5429 0.0000001473 3.809505 4.350169 0.714703 -1.340564 -0.220692
5561 0.0000001432 3.809592 4.350087 0.714542 -1.340418 -0.220705
5578 0.0000001414 3.809579 4.350099 0.714566 -1.340439 -0.220703
5582 0.0000001318 3.809537 4.350139 0.714644 -1.340510 -0.220697
5629 0.0000001293 3.809620 4.350060 0.714492 -1.340371 -0.220709
5649 0.0000001289 3.809693 4.349992 0.714360 -1.340250 -0.220719
5692 0.0000001231 3.809645 4.350035 0.714445 -1.340328 -0.220713
5700 0.0000001200 3.809607 4.350073 0.714518 -1.340394 -0.220707
5704 0.0000001138 3.809625 4.350054 0.714482 -1.340362 -0.220711
5780 0.0000001085 3.809663 4.350020 0.714414 -1.340300 -0.220715
5783 0.0000000837 3.809640 4.350041 0.714457 -1.340338 -0.220712
5848 0.0000000827 3.809610 4.350070 0.714511 -1.340389 -0.220708
5850 0.0000000826 3.809614 4.350066 0.714504 -1.340382 -0.220709
5912 0.0000000799 3.809672 4.350012 0.714400 -1.340286 -0.220717
5920 0.0000000764 3.809643 4.350038 0.714451 -1.340333 -0.220713
5941 0.0000000621 3.809684 4.350000 0.714377 -1.340265 -0.220718
6136 0.0000000615 3.809687 4.349997 0.714370 -1.340259 -0.220719
6141 0.0000000572 3.809697 4.349987 0.714352 -1.340242 -0.220721
6149 0.0000000534 3.809726 4.349960 0.714299 -1.340193 -0.220725
6206 0.0000000496 3.809736 4.349950 0.714281 -1.340177 -0.220726
6245 0.0000000492 3.809751 4.349937 0.714255 -1.340153 -0.220728
6247 0.0000000407 3.809761 4.349927 0.714235 -1.340135 -0.220730
6291 0.0000000386 3.809765 4.349923 0.714228 -1.340128 -0.220730
6294 0.0000000356 3.809789 4.349900 0.714184 -1.340088 -0.220734
6313 0.0000000349 3.809776 4.349913 0.714208 -1.340110 -0.220732
6321 0.0000000339 3.809792 4.349898 0.714179 -1.340083 -0.220734
6338 0.0000000271 3.809810 4.349881 0.714146 -1.340053 -0.220737
6362 0.0000000257 3.809811 4.349880 0.714145 -1.340052 -0.220737
6374 0.0000000224 3.809819 4.349872 0.714130 -1.340038 -0.220738
6404 0.0000000200 3.809837 4.349855 0.714096 -1.340008 -0.220741
6430 0.0000000180 3.809842 4.349851 0.714088 -1.340000 -0.220742
6450 0.0000000171 3.809864 4.349830 0.714047 -1.339962 -0.220745
6499 0.0000000152 3.809889 4.349806 0.714001 -1.339920 -0.220749
6559 0.0000000113 3.809885 4.349810 0.714009 -1.339928 -0.220748
6602 0.0000000075 3.809890 4.349805 0.713999 -1.339918 -0.220749
6680 0.0000000065 3.809902 4.349794 0.713977 -1.339898 -0.220751
6712 0.0000000054 3.809895 4.349801 0.713991 -1.339911 -0.220750
6816 0.0000000040 3.809900 4.349795 0.713981 -1.339901 -0.220750
6903 0.0000000034 3.809896 4.349799 0.713988 -1.339908 -0.220750
6953 0.0000000019 3.809896 4.349799 0.713988 -1.339908 -0.220750
7208 0.0000000018 3.809895 4.349801 0.713991 -1.339910 -0.220750
7315 0.0000000014 3.809899 4.349797 0.713983 -1.339904 -0.220750
7366 0.0000000005 3.809899 4.349797 0.713984 -1.339904 -0.220750
7743 0.0000000004 3.809898 4.349798 0.713986 -1.339906 -0.220750
7821 0.0000000002 3.809898 4.349798 0.713986 -1.339906 -0.220750
8050 0.0000000001 3.809898 4.349798 0.713985 -1.339905 -0.220750
10000 0.0043293626 3.837060 4.399087 0.698965 -1.325453 -0.247361
