evaluations raw_y x0 x1 x2 x3 x4
1 11.6803580971 -3.286431 2.977782 3.191985 0.795313 4.192361
2 8.4948498083 -2.733108 -1.093560 -0.734529 2.108258 -3.747794
4 6.6444502004 1.745668 -2.579686 1.322570 -3.726282 -4.929140
6 4.4121400560 -0.055092 -0.263311 0.832703 -0.755741 -1.791219
46 2.7746939660 0.750220 -1.370299 0.124158 -0.757681 4.754220
47 0.4741660035 -2.412117 -2.787711 2.968422 -1.642941 3.052464
260 0.4642226666 -2.737811 -4.078578 1.992234 -1.597164 2.539887
283 0.4347601552 -2.756777 -4.113640 1.616507 -1.701176 2.847210
318 0.3226929975 -1.741098 -3.612662 1.994210 -1.678969 2.822210
357 0.3163894739 -1.535075 -2.922456 2.692339 -1.634512 2.752899
397 0.2749222108 -1.568525 -2.879984 2.703607 -1.599237 2.797314
424 0.2292121363 -1.098355 -2.886501 2.491896 -1.487266 3.097653
491 0.1567160855 -1.227130 -3.021444 2.477516 -1.627534 2.603417
507 0.1406913758 -0.997129 -2.955422 2.692339 -1.725102 2.360638
542 0.1297782623 -1.588581 -3.147948 2.351763 -1.830832 2.320311
570 0.1221801236 -0.852290 -2.815001 2.363638 -2.292569 1.924072
577 0.1210835292 -0.856326 -2.822888 2.354255 -2.297965 1.922346
589 0.1183866007 -1.038655 -2.959547 2.349724 -2.174806 2.223685
599 0.0941495645 -1.125052 -2.968545 2.318745 -2.194637 2.211482
665 0.0603868673 -1.018996 -2.921693 2.300407 -2.192824 1.898946
732 0.0312806619 -1.137655 -3.105000 2.183110 -2.145486 2.068916
866 0.0287609922 -1.250579 -3.178652 2.123646 -2.116359 2.044054
903 0.0193625324 -1.168520 -3.146425 2.159899 -2.176672 1.949686
1011 0.0131902068 -1.164189 -3.142740 2.212394 -2.112867 2.010727
1062 0.0092349175 -1.161082 -3.116930 2.227185 -2.117101 1.973670
1225 0.0075877386 -1.207330 -3.123438 2.223834 -2.107716 1.976551
1238 0.0068667035 -1.206420 -3.123742 2.223168 -2.108380 1.975824
1310 0.0067226360 -1.180534 -3.122771 2.197379 -2.130687 1.944646
1333 0.0064824799 -1.180459 -3.122476 2.198052 -2.130091 1.944886
1336 0.0046475614 -1.171774 -3.124165 2.206711 -2.122216 1.948997
1379 0.0043360384 -1.171302 -3.133222 2.201613 -2.118373 1.947476
1399 0.0030982585 -1.174889 -3.127583 2.206788 -2.115223 1.959199
1566 0.0030800299 -1.185752 -3.126568 2.214137 -2.095188 1.978551
1574 0.0025115941 -1.174232 -3.120052 2.220825 -2.098304 1.984305
1585 0.0022431638 -1.181469 -3.124288 2.218675 -2.094847 1.983945
1598 0.0012540455 -1.178707 -3.125671 2.213686 -2.103399 1.970140
1600 0.0010228246 -1.180019 -3.127314 2.216198 -2.100508 1.969720
1659 0.0008289878 -1.178291 -3.125144 2.218954 -2.096376 1.974547
1668 0.0007765767 -1.178332 -3.125210 2.218805 -2.096340 1.974492
1673 0.0005117576 -1.174605 -3.127415 2.216256 -2.098955 1.974644
1732 0.0004252851 -1.174526 -3.127460 2.217978 -2.099133 1.974500
1977 0.0004248577 -1.174514 -3.127473 2.217999 -2.099107 1.974539
1993 0.0004216005 -1.174459 -3.127451 2.218058 -2.099039 1.974549
2005 0.0003658037 -1.174193 -3.126952 2.218396 -2.098143 1.972574
2008 0.0003043750 -1.177231 -3.126087 2.219581 -2.096289 1.974437
2026 0.0002926565 -1.175495 -3.126968 2.218552 -2.098114 1.974477
2058 0.0002182897 -1.175147 -3.126696 2.218583 -2.096649 1.976479
2084 0.0002143626 -1.175147 -3.126688 2.218571 -2.096641 1.976471
2112 0.0002133843 -1.174991 -3.126496 2.218394 -2.096225 1.975262
2125 0.0001245920 -1.175397 -3.126688 2.219256 -2.096283 1.975315
2285 0.0001217162 -1.175391 -3.126689 2.219256 -2.096277 1.975337
2357 0.0001124683 -1.175232 -3.126418 2.219348 -2.096201 1.975091
2369 0.0000748417 -1.174440 -3.126281 2.219733 -2.096311 1.975328
2396 0.0000744541 -1.174447 -3.126283 2.219730 -2.096314 1.975319
2458 0.0000725599 -1.174569 -3.126194 2.219378 -2.096802 1.975083
2510 0.0000633194 -1.174305 -3.126141 2.219630 -2.096270 1.975516
2518 0.0000622586 -1.174321 -3.126144 2.219623 -2.096256 1.975521
2538 0.0000378491 -1.174327 -3.125921 2.219886 -2.096414 1.974856
2539 0.0000365526 -1.174343 -3.125924 2.219875 -2.096421 1.974858
2619 0.0000276567 -1.174440 -3.125922 2.219885 -2.096415 1.974858
2649 0.0000261301 -1.174431 -3.125919 2.219896 -2.096408 1.974857
2761 0.0000258720 -1.174425 -3.125920 2.219922 -2.096388 1.975098
2763 0.0000256344 -1.174488 -3.125883 2.220088 -2.096320 1.975281
2807 0.0000232562 -1.174443 -3.125908 2.219932 -2.096350 1.974940
2820 0.0000189775 -1.174382 -3.125901 2.219980 -2.096227 1.975102
2824 0.0000181974 -1.174369 -3.125850 2.220197 -2.095975 1.975432
2874 0.0000151309 -1.174514 -3.125816 2.220093 -2.096079 1.975473
2879 0.0000086807 -1.174391 -3.125810 2.220036 -2.096150 1.975375
2897 0.0000083753 -1.174388 -3.125809 2.220039 -2.096146 1.975379
3055 0.0000050113 -1.174399 -3.125861 2.220086 -2.096126 1.975370
3170 0.0000029122 -1.174382 -3.125825 2.220070 -2.096190 1.975385
3215 0.0000010361 -1.174412 -3.125857 2.220047 -2.096176 1.975373
3501 0.0000007435 -1.174410 -3.125844 2.220060 -2.096176 1.975372
3682 0.0000007234 -1.174394 -3.125837 2.220077 -2.096161 1.975372
3686 0.0000005748 -1.174403 -3.125846 2.220066 -2.096164 1.975374
3741 0.0000005177 -1.174395 -3.125845 2.220062 -2.096174 1.975370
3799 0.0000004151 -1.174396 -3.125845 2.220062 -2.096163 1.975377
3890 0.0000003515 -1.174393 -3.125843 2.220062 -2.096168 1.975375
3953 0.0000001517 -1.174393 -3.125845 2.220063 -2.096168 1.975374
4144 0.0000001506 -1.174393 -3.125845 2.220063 -2.096168 1.975374
4235 0.0000001397 -1.174393 -3.125845 2.220062 -2.096168 1.975375
4295 0.0000001088 -1.174395 -3.125845 2.220064 -2.096168 1.975374
4495 0.0000000928 -1.174395 -3.125843 2.220064 -2.096168 1.975374
4551 0.0000000874 -1.174396 -3.125845 2.220064 -2.096168 1.975373
4584 0.0000000513 -1.174396 -3.125845 2.220064 -2.096166 1.975375
4604 0.0000000500 -1.174396 -3.125845 2.220064 -2.096166 1.975375
4667 0.0000000230 -1.174396 -3.125845 2.220063 -2.096167 1.975374
4759 0.0000000222 -1.174395 -3.125845 2.220064 -2.096167 1.975374
4826 0.0000000181 -1.174395 -3.125845 2.220064 -2.096167 1.975374
4901 0.0000000114 -1.174396 -3.125845 2.220063 -2.096167 1.975374
4991 0.0000000079 -1.174396 -3.125845 2.220063 -2.096167 1.975374
5127 0.0000000078 -1.174396 -3.125845 2.220063 -2.096167 1.975374
5210 0.0000000076 -1.174396 -3.125845 2.220063 -2.096167 1.975374
5221 0.0000000069 -1.174396 -3.125845 2.220063 -2.096167 1.975374
5222 0.0000000053 -1.174396 -3.125845 2.220063 -2.096167 1.975374
5236 0.0000000044 -1.174395 -3.125845 2.220064 -2.096167 1.975374
5287 0.0000000039 -1.174396 -3.125845 2.220064 -2.096167 1.975374
5319 0.0000000023 -1.174395 -3.125845 2.220064 -2.096167 1.975374
5489 0.0000000020 -1.174396 -3.125845 2.220064 -2.096167 1.975374
5515 0.0000000009 -1.174395 -3.125845 2.220064 -2.096167 1.975374
5933 0.0000000007 -1.174395 -3.125845 2.220064 -2.096167 1.975374
6170 0.0000000004 -1.174395 -3.125845 2.220064 -2.096167 1.975374
6439 0.0000000003 -1.174395 -3.125845 2.220064 -2.096167 1.975374
6656 0.0000000001 -1.174395 -3.125845 2.220064 -2.096167 1.975374
9387 0.0000000000 -1.174395 -3.125845 2.220064 -2.096167 1.975374
10000 0.0000000000 -1.174395 -3.125845 2.220064 -2.096167 1.975374
