evaluations raw_y x0 x1 x2 x3 x4
1 31.5036231448 -2.116144 -3.467768 1.181508 -0.086422 0.433380
2 17.6915918871 -1.875298 4.849855 -1.434503 0.712956 -1.009587
4 11.8032552434 0.932370 1.040134 4.687467 -4.825129 -2.078468
6 9.8318127483 -0.619681 3.585871 -4.254356 -3.916061 -2.361979
10 2.7710473967 2.375466 4.597651 0.337270 4.970494 -2.380497
67 1.4902507816 5.000000 5.000000 -5.000000 4.473788 -3.635909
73 0.9494190521 2.168310 3.044006 2.233181 1.871882 -4.083065
95 0.9212811260 3.573888 2.968737 -5.000000 0.669246 -3.749314
110 0.7223783702 3.215606 4.899996 -4.295510 0.870546 -4.971888
122 0.4109791629 5.000000 2.212038 -4.991804 0.449089 -4.629863
315 0.1278225285 5.000000 1.268251 -5.000000 -0.781425 -4.483102
386 0.1252073754 4.683300 1.305361 -5.000000 -0.663035 -4.505563
490 0.0994256009 5.000000 3.012694 -2.481618 -0.844785 -4.469170
603 0.0716634232 4.713094 2.544135 -3.094948 -0.604355 -4.510629
660 0.0656399275 4.747450 2.648114 -3.723613 -0.522444 -4.478967
705 0.0457989996 4.482099 2.786749 -3.166408 -0.649508 -4.490044
777 0.0362559210 4.833103 2.876887 -3.526192 -0.754307 -4.480983
879 0.0355449770 4.996810 2.655928 -3.538679 -0.713205 -4.486123
898 0.0350049588 4.798781 3.668378 -3.427660 -0.624198 -4.471782
924 0.0344077410 4.862742 3.714309 -3.796340 -0.635898 -4.487035
932 0.0163877166 4.867447 3.500835 -3.512679 -0.685405 -4.482144
1014 0.0153722301 4.865860 3.572003 -3.568240 -0.680874 -4.481817
1149 0.0152617678 4.658684 4.458264 -3.544808 -0.663563 -4.478195
1160 0.0104860863 4.461644 3.825149 -3.505568 -0.682793 -4.482252
1208 0.0084309445 4.606997 4.627659 -3.577649 -0.679926 -4.481921
1305 0.0080119431 4.591928 4.969956 -3.498061 -0.671782 -4.482485
1504 0.0077882103 4.796614 4.263749 -3.539086 -0.667633 -4.483778
1531 0.0059674609 4.464627 4.422246 -3.510964 -0.681089 -4.483578
1600 0.0059364951 4.832892 4.430995 -3.492334 -0.671730 -4.480882
1613 0.0047849875 4.708606 4.723820 -3.527642 -0.673292 -4.481310
1620 0.0047767760 4.701304 4.412897 -3.483025 -0.678275 -4.481195
1782 0.0047283127 4.692768 4.383630 -3.482288 -0.677746 -4.482238
1795 0.0042671908 4.493439 4.430341 -3.521289 -0.678971 -4.482489
1803 0.0042542617 4.713395 4.491310 -3.530733 -0.671916 -4.481884
1833 0.0023316653 5.000000 4.546549 -3.512763 -0.674393 -4.482053
1872 0.0008307325 4.957182 4.512858 -3.509680 -0.674541 -4.482261
2018 0.0006587572 4.985173 4.486229 -3.507772 -0.675750 -4.482074
2134 0.0003372612 4.959307 4.500377 -3.508178 -0.675550 -4.482102
2180 0.0001751053 4.950371 4.495792 -3.509365 -0.675167 -4.482175
2422 0.0001567320 4.956223 4.498659 -3.507727 -0.675574 -4.482175
2522 0.0000764382 4.954229 4.497540 -3.507270 -0.675619 -4.482231
2742 0.0000736457 4.949331 4.493384 -3.508693 -0.675460 -4.482225
2755 0.0000528357 4.953033 4.495222 -3.507360 -0.675448 -4.482202
2913 0.0000333600 4.950958 4.494666 -3.507397 -0.675503 -4.482230
3042 0.0000277668 4.947119 4.494483 -3.507500 -0.675456 -4.482222
3052 0.0000231880 4.948651 4.495811 -3.506872 -0.675377 -4.482252
3078 0.0000224370 4.946658 4.495267 -3.507369 -0.675447 -4.482212
3085 0.0000178762 4.949661 4.495088 -3.507318 -0.675471 -4.482222
3139 0.0000104556 4.948200 4.496013 -3.506946 -0.675414 -4.482211
3358 0.0000097962 4.947765 4.496187 -3.507155 -0.675486 -4.482218
3398 0.0000050528 4.948104 4.495802 -3.507016 -0.675421 -4.482217
3496 0.0000029078 4.948152 4.495681 -3.507076 -0.675447 -4.482218
3543 0.0000024797 4.948097 4.495875 -3.506979 -0.675467 -4.482224
3576 0.0000013319 4.947832 4.495832 -3.506949 -0.675475 -4.482222
3814 0.0000008550 4.948109 4.495829 -3.506911 -0.675480 -4.482221
3854 0.0000008357 4.948112 4.495820 -3.506937 -0.675488 -4.482222
3860 0.0000007097 4.948105 4.495722 -3.507007 -0.675479 -4.482221
3909 0.0000004468 4.948231 4.495750 -3.506969 -0.675484 -4.482222
3963 0.0000003903 4.948198 4.495764 -3.506972 -0.675483 -4.482222
4013 0.0000001699 4.948179 4.495798 -3.506965 -0.675480 -4.482222
4211 0.0000001053 4.948180 4.495762 -3.506956 -0.675480 -4.482221
4279 0.0000000635 4.948173 4.495767 -3.506966 -0.675479 -4.482222
4472 0.0000000465 4.948147 4.495772 -3.506964 -0.675480 -4.482222
4484 0.0000000409 4.948175 4.495765 -3.506964 -0.675479 -4.482222
4580 0.0000000247 4.948155 4.495766 -3.506963 -0.675479 -4.482222
4646 0.0000000233 4.948151 4.495761 -3.506964 -0.675479 -4.482222
4762 0.0000000187 4.948152 4.495763 -3.506963 -0.675479 -4.482222
4914 0.0000000159 4.948152 4.495763 -3.506962 -0.675479 -4.482222
4967 0.0000000104 4.948154 4.495761 -3.506962 -0.675479 -4.482222
5004 0.0000000078 4.948154 4.495761 -3.506963 -0.675480 -4.482222
5108 0.0000000062 4.948156 4.495763 -3.506962 -0.675480 -4.482222
5130 0.0000000061 4.948152 4.495762 -3.506963 -0.675479 -4.482222
5315 0.0000000055 4.948154 4.495763 -3.506963 -0.675480 -4.482222
5328 0.0000000011 4.948153 4.495763 -3.506962 -0.675480 -4.482222
5550 0.0000000006 4.948153 4.495763 -3.506962 -0.675480 -4.482222
5645 0.0000000004 4.948153 4.495763 -3.506962 -0.675480 -4.482222
5755 0.0000000003 4.948153 4.495763 -3.506962 -0.675480 -4.482222
5962 0.0000000002 4.948152 4.495763 -3.506962 -0.675480 -4.482222
6218 0.0000000001 4.948152 4.495763 -3.506962 -0.675480 -4.482222
10000 0.0000000000 4.948152 4.495763 -3.506962 -0.675480 -4.482222
