evaluations raw_y x0 x1 x2 x3 x4
1 19.4315746418 -2.961322 1.081340 3.679521 0.252086 1.928446
4 17.6115375725 -1.660042 0.325620 -2.980199 -4.806552 -3.074232
5 14.9672413764 0.908873 -0.657908 -0.439273 0.597985 -2.494423
12 10.0248436367 -3.716555 -2.715475 -0.889566 -1.221589 1.677081
48 7.7673671946 -2.926502 0.415327 -1.834580 -0.844589 0.477375
76 7.0672817240 2.277153 -3.577961 2.522420 -0.000966 0.662215
193 6.2828106770 1.691292 -3.281405 2.614237 -0.007408 0.466874
239 3.6784122434 -4.011849 -1.470553 -1.596326 -2.118531 -1.524684
267 2.3812409939 -1.982159 -3.089973 -1.552968 -0.649792 -0.472015
329 1.1699358154 -2.485931 -3.193517 -1.481037 -1.000396 -1.487011
409 0.6618119688 -2.493044 -3.226196 -1.506027 -0.876415 -1.242796
607 0.6563239147 -2.269387 -3.244311 -1.565800 -0.998067 -1.074189
654 0.6433942575 -2.761554 -2.760430 -1.504952 -1.208155 -1.172279
707 0.5100359358 -2.277267 -2.664203 -1.013548 -1.283066 -1.131978
728 0.4799016289 -2.067978 -2.979054 -0.887596 -1.200810 -1.236204
752 0.3928105932 -2.277267 -2.795046 -0.989133 -1.241203 -1.249629
757 0.2375936910 -2.522395 -2.761730 -1.397722 -1.334085 -1.105443
875 0.1417069321 -0.946289 -3.226888 -0.518382 -0.801532 -0.230963
1152 0.1229392622 -1.056336 -3.040843 -0.611132 -1.015937 -0.128052
1154 0.0873730326 -1.491040 -2.789965 -1.072408 -1.288252 -0.246699
1179 0.0297877620 -1.160635 -2.983516 -0.875684 -1.128178 -0.099661
1201 0.0199882944 -1.164671 -2.978033 -0.897671 -1.150607 -0.082495
1507 0.0073728570 -1.018888 -2.888957 -0.865716 -1.230054 0.117781
1537 0.0069487290 -1.114718 -2.970596 -0.920164 -1.190608 0.022963
1603 0.0039078707 -1.039982 -2.930655 -0.881827 -1.220528 0.110194
1665 0.0014743376 -1.043025 -2.952521 -0.862664 -1.196554 0.056825
1796 0.0005978351 -1.060140 -2.944759 -0.841246 -1.189457 0.026918
1910 0.0005427116 -1.067349 -2.947629 -0.853013 -1.197975 0.033585
1964 0.0003124531 -1.064964 -2.938735 -0.853184 -1.208031 0.032027
1991 0.0002971535 -1.042727 -2.939660 -0.844914 -1.201609 0.054402
2051 0.0002463803 -1.079128 -2.931224 -0.866186 -1.214162 0.029851
2052 0.0001384434 -1.072394 -2.914848 -0.875024 -1.222046 0.059984
2103 0.0001249349 -1.070554 -2.921150 -0.873309 -1.219257 0.051627
2107 0.0000473653 -1.074091 -2.916998 -0.872173 -1.226448 0.052203
2249 0.0000105835 -1.077339 -2.920996 -0.866882 -1.218292 0.044881
2510 0.0000098441 -1.081208 -2.917730 -0.868177 -1.220768 0.043291
2511 0.0000082431 -1.075756 -2.918356 -0.864947 -1.220461 0.047101
2537 0.0000078371 -1.077410 -2.919183 -0.867241 -1.221190 0.045420
2568 0.0000037717 -1.076757 -2.915281 -0.866141 -1.223907 0.045848
2572 0.0000018439 -1.078279 -2.917528 -0.867086 -1.221128 0.043639
2580 0.0000008335 -1.073242 -2.916916 -0.864900 -1.220860 0.048623
2824 0.0000008155 -1.074704 -2.915808 -0.866328 -1.221739 0.048905
2828 0.0000004229 -1.077831 -2.916646 -0.867172 -1.220792 0.045075
3001 0.0000002689 -1.077185 -2.916700 -0.866827 -1.220701 0.045826
3016 0.0000000874 -1.077223 -2.915393 -0.866105 -1.221830 0.046057
3102 0.0000000385 -1.077371 -2.915629 -0.865944 -1.221274 0.045711
3202 0.0000000265 -1.077058 -2.915831 -0.865669 -1.221278 0.045578
3312 0.0000000223 -1.077050 -2.915766 -0.865803 -1.221344 0.045518
3511 0.0000000218 -1.077048 -2.915767 -0.865801 -1.221347 0.045523
3586 0.0000000190 -1.077096 -2.915619 -0.865820 -1.221364 0.045622
3597 0.0000000171 -1.077054 -2.915790 -0.865799 -1.221359 0.045577
3723 0.0000000166 -1.077088 -2.915748 -0.865817 -1.221350 0.045623
3784 0.0000000153 -1.077100 -2.915731 -0.865834 -1.221372 0.045612
3848 0.0000000141 -1.077142 -2.915743 -0.865820 -1.221323 0.045595
3860 0.0000000131 -1.077085 -2.915746 -0.865807 -1.221373 0.045600
3926 0.0000000116 -1.077083 -2.915676 -0.865785 -1.221341 0.045573
3952 0.0000000109 -1.077085 -2.915699 -0.865793 -1.221375 0.045589
3978 0.0000000107 -1.077097 -2.915698 -0.865779 -1.221368 0.045561
4051 0.0000000106 -1.077094 -2.915701 -0.865786 -1.221379 0.045577
4125 0.0000000079 -1.077116 -2.915687 -0.865782 -1.221372 0.045593
4187 0.0000000044 -1.077119 -2.915685 -0.865789 -1.221354 0.045588
4654 0.0000000040 -1.077123 -2.915686 -0.865793 -1.221349 0.045588
4702 0.0000000038 -1.077119 -2.915679 -0.865787 -1.221348 0.045589
4705 0.0000000036 -1.077119 -2.915680 -0.865785 -1.221350 0.045588
4706 0.0000000032 -1.077135 -2.915675 -0.865781 -1.221347 0.045587
4755 0.0000000023 -1.077123 -2.915671 -0.865781 -1.221349 0.045588
4835 0.0000000016 -1.077130 -2.915671 -0.865785 -1.221348 0.045590
5297 0.0000000014 -1.077127 -2.915670 -0.865781 -1.221349 0.045589
5387 0.0000000010 -1.077128 -2.915672 -0.865782 -1.221349 0.045588
6028 0.0000000007 -1.077128 -2.915671 -0.865783 -1.221348 0.045588
6451 0.0000000006 -1.077128 -2.915672 -0.865784 -1.221349 0.045588
6452 0.0000000005 -1.077128 -2.915672 -0.865784 -1.221348 0.045588
6701 0.0000000004 -1.077129 -2.915672 -0.865784 -1.221348 0.045588
7186 0.0000000003 -1.077128 -2.915672 -0.865783 -1.221349 0.045588
8104 0.0000000002 -1.077128 -2.915672 -0.865783 -1.221349 0.045588
10000 0.0000144325 -1.077129 -2.912067 -0.865784 -1.221348 0.045588
