evaluations raw_y x0 x1 x2 x3 x4
1 2.2178393345 -4.573910 4.402886 -3.937285 -0.113472 -4.418550
3 1.9117919817 -3.427029 0.534212 -0.028330 0.421547 3.073954
13 1.6071200410 -3.220995 3.490755 -1.843122 -0.403480 -0.650010
14 1.4279380741 2.566980 4.021370 -2.741125 2.995642 2.549736
28 1.1009400573 -0.586870 1.191826 -1.215226 4.125629 -0.932292
67 0.9748590714 -0.530272 2.112730 -0.209268 2.580222 3.193991
85 0.7837777769 -1.486241 2.519429 -1.673156 5.000000 -1.222451
88 0.5908376597 -1.691541 4.081793 -2.089046 5.000000 -0.451317
109 0.5531489933 -5.000000 5.000000 -1.324269 4.208989 1.450284
135 0.5514382570 -3.480562 4.667874 -2.574640 2.189644 1.823624
143 0.5366769364 -5.000000 4.161613 0.060395 3.731078 3.203710
147 0.2639007392 -3.104668 4.464853 -0.144838 4.387584 1.378818
156 0.1396501205 -1.875314 5.000000 -0.328522 4.181403 2.705535
258 0.1356083599 -3.043712 4.797944 -1.484057 4.275599 2.047787
315 0.1284352963 -2.251003 4.813515 -1.489320 4.429560 2.686385
321 0.0809127205 -2.753767 4.797944 -1.175295 4.236424 2.404528
328 0.0757809739 -1.935733 4.269018 -2.225326 5.000000 1.691226
356 0.0645398423 -2.733796 5.000000 -1.662039 5.000000 1.825963
382 0.0529358262 -2.175913 4.606353 -1.426581 5.000000 2.646325
510 0.0392038259 -2.239792 4.906501 -1.292107 5.000000 2.248315
537 0.0221046753 -1.937301 4.842098 -0.867171 4.774750 2.139333
672 0.0218532938 -1.937301 4.842098 -0.867171 4.774750 2.155789
742 0.0171351295 -2.063655 4.572909 -0.969513 4.679920 2.210318
798 0.0168506669 -1.977728 4.480409 -0.946403 4.832187 2.228768
809 0.0132480849 -1.877389 4.630377 -0.705644 4.669398 2.210318
937 0.0129811009 -1.827868 4.558539 -0.768742 4.774829 2.343903
969 0.0125824202 -2.042096 4.592295 -0.815292 4.711455 2.336549
1009 0.0117154921 -2.051465 4.399072 -0.768716 4.715929 2.318910
1021 0.0095988014 -2.066674 4.423736 -0.768716 4.659268 2.422927
1057 0.0063173475 -2.017295 4.432782 -0.768668 4.561047 2.477724
1203 0.0061673190 -2.027249 4.398644 -0.758151 4.540037 2.419696
1245 0.0052775450 -2.029904 4.458217 -0.715249 4.598490 2.459965
1309 0.0051677254 -2.073544 4.487402 -0.698946 4.584892 2.402054
1352 0.0050007692 -2.062082 4.484103 -0.646910 4.578968 2.360509
1357 0.0048602348 -2.079101 4.466499 -0.699917 4.579002 2.428495
1364 0.0048267297 -2.015964 4.442648 -0.692710 4.595107 2.445719
1381 0.0045429603 -1.990503 4.454182 -0.668947 4.601827 2.397126
1394 0.0033171085 -2.001957 4.489432 -0.620918 4.579002 2.428495
1441 0.0032176298 -2.046510 4.475773 -0.639638 4.552799 2.430019
1472 0.0025217080 -2.051804 4.476668 -0.647454 4.545791 2.499208
1593 0.0024489255 -2.043571 4.459728 -0.624606 4.561047 2.464897
1645 0.0022426185 -2.060993 4.500414 -0.622893 4.525461 2.459727
1661 0.0022298933 -2.077443 4.483005 -0.624358 4.525461 2.468768
1730 0.0022292083 -2.077443 4.483005 -0.624358 4.525405 2.468768
1772 0.0021543755 -2.028873 4.445794 -0.603252 4.543495 2.440278
1801 0.0021192999 -2.058510 4.472513 -0.631541 4.524009 2.474301
1802 0.0013519500 -2.068293 4.481948 -0.607651 4.496716 2.468635
1934 0.0013384554 -2.066535 4.481415 -0.607651 4.496716 2.468635
2078 0.0012602129 -2.070004 4.485003 -0.604835 4.489099 2.476410
2082 0.0010880178 -2.011928 4.468792 -0.574383 4.515745 2.457590
2111 0.0010315773 -2.047962 4.469894 -0.583282 4.515002 2.468719
2116 0.0007393783 -2.060211 4.468563 -0.582543 4.488987 2.484087
2140 0.0000211832 -2.044474 4.469091 -0.576682 4.486431 2.479933
2350 0.0000131973 -2.043168 4.451890 -0.585264 4.488914 2.481923
2414 0.0000113031 -2.046690 4.450749 -0.584426 4.492194 2.495293
2457 0.0000090043 -2.036761 4.461668 -0.573593 4.490685 2.489125
2467 0.0000078783 -2.036638 4.465498 -0.570941 4.495012 2.484572
2560 0.0000053262 -2.039169 4.457553 -0.566171 4.493964 2.490300
2688 0.0000050955 -2.041293 4.456161 -0.565535 4.490685 2.487938
2711 0.0000050638 -2.041293 4.462358 -0.565535 4.490461 2.487938
2727 0.0000031366 -2.040006 4.457107 -0.560707 4.491286 2.495173
2755 0.0000026482 -2.040006 4.458941 -0.560707 4.489644 2.491707
3057 0.0000023095 -2.041016 4.458031 -0.560282 4.489329 2.493300
3084 0.0000020237 -2.041016 4.458031 -0.560282 4.488424 2.492823
3142 0.0000020207 -2.041016 4.456991 -0.560282 4.488424 2.492857
3206 0.0000019779 -2.040886 4.456991 -0.560139 4.488424 2.492857
3406 0.0000018662 -2.041225 4.457760 -0.559902 4.488286 2.492948
3487 0.0000016950 -2.040886 4.456991 -0.560139 4.487591 2.493402
3609 0.0000016675 -2.040886 4.456991 -0.560139 4.487591 2.493626
3655 0.0000016321 -2.041055 4.457162 -0.560092 4.487465 2.493399
3663 0.0000013265 -2.041006 4.458180 -0.559375 4.487154 2.493721
3689 0.0000011581 -2.040741 4.457707 -0.558986 4.487154 2.493783
3898 0.0000011485 -2.040700 4.457707 -0.558986 4.487154 2.493879
4038 0.0000010841 -2.041337 4.457876 -0.558956 4.486874 2.493705
4050 0.0000008628 -2.041204 4.457821 -0.558752 4.486060 2.493769
4179 0.0000008211 -2.041284 4.457468 -0.558613 4.486572 2.493950
4311 0.0000007796 -2.041411 4.457291 -0.558798 4.486501 2.494301
4419 0.0000007693 -2.041303 4.457429 -0.558652 4.486501 2.494103
4473 0.0000007154 -2.041374 4.457586 -0.558612 4.486287 2.494081
4522 0.0000006907 -2.041514 4.457614 -0.558705 4.486237 2.494407
4539 0.0000006810 -2.041628 4.457372 -0.558597 4.486499 2.494703
4557 0.0000005491 -2.041836 4.457304 -0.558580 4.486223 2.494773
4584 0.0000005294 -2.041755 4.457218 -0.558488 4.486178 2.494437
4659 0.0000004787 -2.042007 4.457152 -0.558511 4.486127 2.494716
4731 0.0000004514 -2.041779 4.457203 -0.558468 4.486020 2.494509
4764 0.0000004235 -2.041742 4.457194 -0.558361 4.485998 2.494483
4855 0.0000004005 -2.041941 4.457267 -0.558553 4.485765 2.494699
4866 0.0000003139 -2.042028 4.457091 -0.558385 4.485857 2.494771
4933 0.0000002653 -2.042010 4.457114 -0.558365 4.485787 2.494817
4942 0.0000002636 -2.042121 4.457110 -0.558365 4.485760 2.494817
5012 0.0000002394 -2.042162 4.457064 -0.558339 4.485739 2.494868
5152 0.0000002391 -2.042141 4.457081 -0.558344 4.485748 2.494867
5202 0.0000002357 -2.042086 4.457128 -0.558392 4.485688 2.494974
5205 0.0000002347 -2.042153 4.457135 -0.558380 4.485661 2.494856
5220 0.0000001922 -2.042153 4.457092 -0.558338 4.485657 2.494965
5242 0.0000001835 -2.042111 4.457123 -0.558329 4.485626 2.494929
5247 0.0000001810 -2.042133 4.457125 -0.558328 4.485600 2.494925
5339 0.0000001762 -2.042135 4.457122 -0.558325 4.485603 2.494933
5456 0.0000001513 -2.042139 4.457081 -0.558293 4.485631 2.495011
5507 0.0000001481 -2.042185 4.457072 -0.558293 4.485588 2.494988
5523 0.0000001464 -2.042175 4.457072 -0.558293 4.485586 2.494995
5553 0.0000001457 -2.042175 4.457062 -0.558293 4.485576 2.495024
5558 0.0000001440 -2.042175 4.457077 -0.558293 4.485569 2.495007
5574 0.0000001173 -2.042139 4.457086 -0.558260 4.485575 2.495014
5642 0.0000001145 -2.042142 4.457085 -0.558255 4.485553 2.495020
5670 0.0000001049 -2.042119 4.457082 -0.558237 4.485603 2.494975
5718 0.0000001006 -2.042126 4.457079 -0.558235 4.485595 2.494984
5814 0.0000001004 -2.042131 4.457085 -0.558239 4.485584 2.495031
5867 0.0000000783 -2.042141 4.457077 -0.558210 4.485564 2.494989
6088 0.0000000717 -2.042141 4.457085 -0.558205 4.485564 2.494989
6169 0.0000000708 -2.042130 4.457109 -0.558201 4.485591 2.494992
6202 0.0000000681 -2.042132 4.457102 -0.558198 4.485594 2.494994
6220 0.0000000629 -2.042145 4.457081 -0.558195 4.485577 2.495003
6227 0.0000000572 -2.042144 4.457086 -0.558186 4.485579 2.494996
6395 0.0000000559 -2.042143 4.457086 -0.558181 4.485579 2.494992
6404 0.0000000558 -2.042146 4.457083 -0.558189 4.485563 2.495002
6484 0.0000000547 -2.042146 4.457095 -0.558180 4.485575 2.494990
6513 0.0000000541 -2.042148 4.457090 -0.558185 4.485567 2.494995
6516 0.0000000492 -2.042137 4.457099 -0.558173 4.485579 2.494987
6633 0.0000000454 -2.042137 4.457094 -0.558176 4.485570 2.494992
6709 0.0000000429 -2.042140 4.457090 -0.558173 4.485572 2.495000
6728 0.0000000392 -2.042134 4.457104 -0.558165 4.485575 2.494992
6755 0.0000000380 -2.042137 4.457101 -0.558171 4.485566 2.494997
6767 0.0000000367 -2.042144 4.457107 -0.558169 4.485563 2.494999
6848 0.0000000360 -2.042142 4.457111 -0.558172 4.485558 2.495004
6876 0.0000000353 -2.042139 4.457116 -0.558165 4.485558 2.494998
6920 0.0000000324 -2.042143 4.457108 -0.558164 4.485563 2.495003
6993 0.0000000323 -2.042142 4.457107 -0.558167 4.485561 2.495003
6994 0.0000000308 -2.042142 4.457106 -0.558167 4.485560 2.495005
7017 0.0000000287 -2.042142 4.457108 -0.558164 4.485558 2.495005
7041 0.0000000262 -2.042146 4.457112 -0.558159 4.485554 2.495010
7168 0.0000000227 -2.042135 4.457105 -0.558159 4.485560 2.495004
7179 0.0000000226 -2.042140 4.457105 -0.558156 4.485559 2.495006
7235 0.0000000215 -2.042137 4.457107 -0.558160 4.485556 2.495009
7248 0.0000000208 -2.042139 4.457106 -0.558155 4.485558 2.495008
7259 0.0000000190 -2.042139 4.457104 -0.558154 4.485559 2.495010
7291 0.0000000164 -2.042136 4.457103 -0.558156 4.485558 2.495013
7406 0.0000000115 -2.042133 4.457102 -0.558152 4.485557 2.495014
7457 0.0000000106 -2.042134 4.457099 -0.558152 4.485556 2.495014
7472 0.0000000100 -2.042134 4.457102 -0.558151 4.485556 2.495014
7756 0.0000000099 -2.042133 4.457103 -0.558149 4.485556 2.495013
7871 0.0000000096 -2.042132 4.457102 -0.558150 4.485556 2.495013
7884 0.0000000093 -2.042134 4.457100 -0.558149 4.485556 2.495017
7902 0.0000000085 -2.042134 4.457099 -0.558151 4.485555 2.495016
7906 0.0000000079 -2.042133 4.457099 -0.558150 4.485556 2.495014
8081 0.0000000052 -2.042133 4.457098 -0.558148 4.485555 2.495016
8302 0.0000000049 -2.042131 4.457098 -0.558147 4.485556 2.495016
8319 0.0000000047 -2.042132 4.457100 -0.558147 4.485555 2.495015
8376 0.0000000040 -2.042133 4.457099 -0.558148 4.485554 2.495016
8377 0.0000000037 -2.042133 4.457099 -0.558148 4.485554 2.495016
8505 0.0000000035 -2.042132 4.457100 -0.558147 4.485555 2.495016
8623 0.0000000028 -2.042133 4.457099 -0.558147 4.485554 2.495017
8682 0.0000000021 -2.042132 4.457099 -0.558146 4.485554 2.495017
9041 0.0000000019 -2.042132 4.457098 -0.558146 4.485554 2.495017
9150 0.0000000018 -2.042132 4.457099 -0.558146 4.485554 2.495017
9227 0.0000000016 -2.042132 4.457098 -0.558146 4.485554 2.495017
9444 0.0000000013 -2.042132 4.457099 -0.558146 4.485554 2.495017
9777 0.0000000012 -2.042132 4.457098 -0.558146 4.485554 2.495017
9784 0.0000000009 -2.042132 4.457099 -0.558146 4.485554 2.495017
10000 0.0000000015 -2.042132 4.457099 -0.558146 4.485554 2.495017
