evaluations raw_y x0 x1 x2 x3 x4
1 14.5263691020 3.027671 2.664072 -2.088969 -2.743757 -4.361399
3 9.7165328224 2.217979 4.676722 -3.817996 3.322124 -1.439473
6 6.8381258557 -2.080599 3.023714 -2.691436 4.048088 4.049681
10 3.9818589656 -4.915318 -1.657621 -3.508473 -0.225817 -2.318317
18 3.1981209046 -1.736090 2.933779 -4.039962 3.081786 1.803594
22 2.9965221023 -3.596269 0.320684 -2.393025 -2.294759 -0.563593
35 2.3803646622 -3.248320 0.749836 -3.787154 -0.225817 -2.318317
56 1.2949689265 -2.444928 3.223103 -4.310106 0.815739 1.928248
60 1.0845636829 -4.625117 0.749836 -5.000000 -0.225817 1.954592
74 0.6836696112 -3.640070 3.839742 -4.253068 -0.578314 -0.800087
99 0.6308641066 -3.954505 4.201264 -4.325584 -1.009073 -1.115396
102 0.1339306321 -4.049555 5.000000 -5.000000 -0.702492 1.433912
232 0.0743051507 -4.634363 4.747916 -4.423845 -0.055860 1.011172
254 0.0571839159 -4.600235 4.739618 -4.208168 -0.133953 1.285970
289 0.0271541522 -4.595773 4.691567 -4.507168 -0.420038 1.251334
335 0.0263541004 -4.352870 4.889557 -4.510569 -0.209394 1.205479
336 0.0207913307 -4.473718 4.674097 -4.658753 -0.373959 1.501108
405 0.0149064215 -4.514984 4.822002 -4.598476 -0.359896 1.569567
435 0.0105730006 -4.368223 4.750532 -4.521544 -0.257148 1.584272
457 0.0084910124 -4.423514 4.885023 -4.488719 -0.293588 1.517580
487 0.0067741290 -4.356033 4.822644 -4.513335 -0.257040 1.536742
547 0.0053771750 -4.478201 4.729977 -4.556877 -0.271109 1.518401
592 0.0044253430 -4.456978 4.766265 -4.499135 -0.319503 1.563439
609 0.0042424670 -4.453435 4.789128 -4.471386 -0.278501 1.485762
612 0.0032887934 -4.434279 4.780996 -4.473043 -0.284076 1.514926
640 0.0025413293 -4.421851 4.781565 -4.502197 -0.283145 1.523025
641 0.0018514599 -4.461263 4.798408 -4.481589 -0.288864 1.526149
644 0.0017525003 -4.444530 4.793259 -4.525541 -0.265526 1.520982
659 0.0017297532 -4.459752 4.789128 -4.516210 -0.284417 1.504095
668 0.0005174535 -4.463449 4.801765 -4.501183 -0.271641 1.528627
728 0.0004863033 -4.451817 4.794681 -4.485607 -0.274112 1.528249
801 0.0002533667 -4.445576 4.801691 -4.494057 -0.271768 1.527031
844 0.0002440514 -4.445602 4.800968 -4.494270 -0.275613 1.530891
853 0.0002338783 -4.453313 4.794730 -4.495532 -0.264068 1.527685
901 0.0001236072 -4.451454 4.792151 -4.496221 -0.266726 1.529638
937 0.0001050557 -4.450706 4.794030 -4.494688 -0.266525 1.529216
956 0.0000927403 -4.447437 4.796462 -4.494446 -0.270269 1.533511
957 0.0000545444 -4.450903 4.793991 -4.493235 -0.271664 1.528956
991 0.0000408442 -4.448799 4.792198 -4.491999 -0.271018 1.531530
992 0.0000167571 -4.447895 4.794670 -4.492885 -0.271387 1.531892
1057 0.0000158387 -4.447698 4.795040 -4.493230 -0.270771 1.531843
1061 0.0000145044 -4.449140 4.795294 -4.492951 -0.270908 1.531111
1072 0.0000063488 -4.448475 4.793410 -4.492722 -0.270438 1.531939
1161 0.0000045587 -4.448616 4.794472 -4.493192 -0.269783 1.531815
1185 0.0000039888 -4.448681 4.794401 -4.493157 -0.269841 1.531817
1211 0.0000038998 -4.448705 4.794472 -4.493073 -0.269783 1.531818
1230 0.0000024924 -4.448451 4.794721 -4.492939 -0.270126 1.531885
1336 0.0000013290 -4.448763 4.794466 -4.492661 -0.270332 1.531839
1351 0.0000010285 -4.448522 4.794207 -4.492818 -0.270123 1.531944
1407 0.0000008164 -4.448770 4.794514 -4.492652 -0.270114 1.531937
1413 0.0000008072 -4.448522 4.794542 -4.492659 -0.270179 1.531832
1437 0.0000007156 -4.448483 4.794393 -4.492680 -0.270135 1.531872
1475 0.0000005484 -4.448674 4.794334 -4.492708 -0.270119 1.531949
1510 0.0000002563 -4.448561 4.794364 -4.492692 -0.270105 1.532005
1571 0.0000001843 -4.448570 4.794451 -4.492706 -0.270169 1.532025
1594 0.0000001109 -4.448542 4.794457 -4.492671 -0.270154 1.532023
1638 0.0000000738 -4.448563 4.794410 -4.492669 -0.270151 1.532040
1670 0.0000000559 -4.448554 4.794435 -4.492656 -0.270158 1.532034
1709 0.0000000476 -4.448561 4.794402 -4.492644 -0.270126 1.532064
1737 0.0000000356 -4.448553 4.794410 -4.492649 -0.270134 1.532058
1761 0.0000000328 -4.448565 4.794415 -4.492620 -0.270147 1.532062
1769 0.0000000326 -4.448547 4.794451 -4.492610 -0.270135 1.532054
1775 0.0000000310 -4.448539 4.794412 -4.492620 -0.270134 1.532060
1778 0.0000000114 -4.448557 4.794434 -4.492624 -0.270133 1.532056
1912 0.0000000096 -4.448556 4.794430 -4.492623 -0.270137 1.532058
1920 0.0000000092 -4.448542 4.794434 -4.492624 -0.270137 1.532051
1933 0.0000000068 -4.448548 4.794430 -4.492629 -0.270145 1.532057
2017 0.0000000056 -4.448542 4.794429 -4.492627 -0.270141 1.532064
2026 0.0000000054 -4.448548 4.794429 -4.492624 -0.270139 1.532060
2032 0.0000000036 -4.448545 4.794431 -4.492628 -0.270143 1.532063
2046 0.0000000031 -4.448548 4.794438 -4.492629 -0.270141 1.532062
2087 0.0000000030 -4.448542 4.794433 -4.492625 -0.270136 1.532061
2093 0.0000000028 -4.448544 4.794433 -4.492626 -0.270143 1.532059
2111 0.0000000018 -4.448544 4.794435 -4.492627 -0.270143 1.532063
2120 0.0000000013 -4.448543 4.794438 -4.492627 -0.270140 1.532063
2160 0.0000000011 -4.448542 4.794439 -4.492626 -0.270140 1.532063
2190 0.0000000010 -4.448543 4.794437 -4.492625 -0.270138 1.532064
2195 0.0000000008 -4.448543 4.794437 -4.492626 -0.270141 1.532063
2225 0.0000000006 -4.448542 4.794438 -4.492625 -0.270139 1.532064
2289 0.0000000003 -4.448543 4.794438 -4.492624 -0.270139 1.532063
2378 0.0000000002 -4.448543 4.794437 -4.492624 -0.270139 1.532063
2559 0.0000000001 -4.448543 4.794438 -4.492623 -0.270140 1.532063
10000 0.0000000000 -4.448543 4.794438 -4.492623 -0.270140 1.532063
