evaluations raw_y x0 x1 x2 x3 x4
1 166.4159029009 2.323463 -3.649309 4.056417 -3.334602 2.797867
2 81.8578157499 -1.519373 4.188200 -4.690169 2.979676 0.839978
5 73.9746007879 -2.410491 -0.705367 -4.644334 -2.556367 -2.556265
8 29.3105316179 -3.512788 -1.500990 -1.406336 3.556078 -3.636583
10 22.2605649031 -1.776639 4.177038 0.409319 2.890385 -0.102079
27 6.5383899094 -1.890413 1.112638 4.903249 3.077167 -3.799617
93 5.4904015027 -3.279607 0.820140 2.518094 5.000000 -3.932763
105 4.6854061542 -2.410491 1.393501 4.796120 3.056301 -4.623420
196 2.4374370752 -0.859349 3.231727 4.838072 4.482182 -4.706512
213 1.6530882663 -2.341440 3.462171 5.000000 5.000000 -4.748055
263 1.6269371984 -2.341440 3.462171 5.000000 4.780513 -4.748055
324 1.0160055793 -0.522543 3.398913 2.993296 4.404703 -4.864193
346 0.2899532314 0.778255 5.000000 3.955296 5.000000 -4.706512
716 0.2814134454 0.422945 5.000000 3.302807 4.845938 -5.000000
727 0.2671965466 0.499063 5.000000 2.201810 5.000000 -4.784702
743 0.2221763168 0.331437 4.517656 2.888647 4.658753 -4.685953
777 0.0713178330 0.134791 4.576384 3.197281 4.608044 -4.784702
878 0.0628135363 0.254182 4.597609 3.320290 4.620081 -4.804548
902 0.0275881163 0.294820 4.646651 3.136352 4.648435 -4.782930
940 0.0087503163 0.220804 4.602153 3.095513 4.641028 -4.792306
1555 0.0063640604 0.199974 4.554148 3.136008 4.639682 -4.769263
1848 0.0056326610 0.189754 4.573855 3.119936 4.637924 -4.782023
1850 0.0047648665 0.219973 4.576456 3.128314 4.654661 -4.769322
1906 0.0034318931 0.198935 4.598224 3.147370 4.667602 -4.779596
1997 0.0032661246 0.197530 4.596931 3.145378 4.667470 -4.779610
2024 0.0029702804 0.222856 4.642746 3.130795 4.691884 -4.791436
2040 0.0029696445 0.182498 4.604821 3.173248 4.666009 -4.789567
2134 0.0028218774 0.187198 4.589147 3.106388 4.661043 -4.782070
2178 0.0027160857 0.190388 4.598276 3.152379 4.677071 -4.777235
2197 0.0025594211 0.197530 4.601152 3.143499 4.682228 -4.779610
2247 0.0021068225 0.197530 4.602204 3.143645 4.682228 -4.779610
2278 0.0011731829 0.189517 4.602404 3.150030 4.688194 -4.776425
2298 0.0005043213 0.201401 4.622936 3.151802 4.692678 -4.779081
2374 0.0002984348 0.196433 4.620160 3.145981 4.703988 -4.778991
2398 0.0002679455 0.201401 4.615344 3.148527 4.692678 -4.779433
2700 0.0002164844 0.202077 4.623547 3.149372 4.694094 -4.782743
2750 0.0000776120 0.200374 4.621524 3.154236 4.694849 -4.782185
3060 0.0000751927 0.196177 4.621304 3.155420 4.700532 -4.781267
3061 0.0000524760 0.195466 4.620020 3.156107 4.698371 -4.781288
3084 0.0000503200 0.197460 4.623307 3.158390 4.699564 -4.781830
3128 0.0000240030 0.196824 4.622344 3.153419 4.700842 -4.781047
3163 0.0000217539 0.195148 4.622175 3.152767 4.701814 -4.781201
3178 0.0000155595 0.197196 4.623388 3.153419 4.700842 -4.781047
3188 0.0000151992 0.197944 4.625178 3.154255 4.701435 -4.781555
3228 0.0000118473 0.198786 4.626128 3.153419 4.701483 -4.781648
3243 0.0000067035 0.198412 4.624729 3.152990 4.700920 -4.781611
3331 0.0000036310 0.197966 4.623787 3.152739 4.700812 -4.781591
3443 0.0000035769 0.198412 4.624729 3.152990 4.700986 -4.781824
3447 0.0000031742 0.198098 4.624027 3.152550 4.700873 -4.781662
3450 0.0000012306 0.197986 4.624793 3.152607 4.701076 -4.781915
3650 0.0000011280 0.197876 4.624726 3.152607 4.701076 -4.781915
3675 0.0000009453 0.197589 4.624333 3.153406 4.701122 -4.781885
3748 0.0000004683 0.197646 4.624271 3.152648 4.701076 -4.781839
3884 0.0000004560 0.197615 4.624354 3.152995 4.701085 -4.781914
3888 0.0000004286 0.197410 4.624226 3.152806 4.701025 -4.781888
3897 0.0000003416 0.197480 4.624254 3.152732 4.701033 -4.781889
3976 0.0000002959 0.197513 4.624312 3.153179 4.701009 -4.781916
3997 0.0000002713 0.197541 4.624343 3.153080 4.701033 -4.781921
4028 0.0000002400 0.197633 4.624475 3.153006 4.701115 -4.781924
4090 0.0000002202 0.197649 4.624316 3.152919 4.701062 -4.781863
4234 0.0000001810 0.197622 4.624381 3.152894 4.701027 -4.781914
4250 0.0000001678 0.197633 4.624387 3.152852 4.701049 -4.781904
4254 0.0000001635 0.197610 4.624388 3.152893 4.701083 -4.781905
4274 0.0000001104 0.197720 4.624378 3.152872 4.701067 -4.781876
4354 0.0000000807 0.197639 4.624388 3.152899 4.701061 -4.781905
4474 0.0000000536 0.197633 4.624393 3.152872 4.701066 -4.781907
4621 0.0000000458 0.197667 4.624418 3.152873 4.701076 -4.781907
4651 0.0000000329 0.197653 4.624410 3.152870 4.701074 -4.781907
4691 0.0000000221 0.197654 4.624420 3.152867 4.701073 -4.781913
4898 0.0000000196 0.197658 4.624420 3.152880 4.701069 -4.781913
4905 0.0000000158 0.197661 4.624423 3.152869 4.701071 -4.781913
4992 0.0000000136 0.197671 4.624417 3.152855 4.701063 -4.781911
5050 0.0000000111 0.197668 4.624420 3.152859 4.701066 -4.781912
5237 0.0000000096 0.197666 4.624420 3.152865 4.701064 -4.781913
5306 0.0000000089 0.197665 4.624420 3.152862 4.701064 -4.781913
5314 0.0000000059 0.197657 4.624418 3.152867 4.701061 -4.781916
5833 0.0000000057 0.197661 4.624420 3.152871 4.701061 -4.781915
5854 0.0000000053 0.197660 4.624420 3.152872 4.701061 -4.781916
5865 0.0000000039 0.197660 4.624421 3.152869 4.701062 -4.781916
6056 0.0000000036 0.197661 4.624421 3.152868 4.701062 -4.781916
6204 0.0000000033 0.197662 4.624422 3.152868 4.701062 -4.781916
6306 0.0000000030 0.197662 4.624422 3.152868 4.701062 -4.781916
6359 0.0000000027 0.197667 4.624424 3.152869 4.701062 -4.781916
6370 0.0000000025 0.197666 4.624424 3.152870 4.701062 -4.781916
6388 0.0000000024 0.197666 4.624423 3.152870 4.701062 -4.781916
6418 0.0000000019 0.197670 4.624425 3.152868 4.701062 -4.781916
6419 0.0000000017 0.197670 4.624425 3.152866 4.701062 -4.781916
6426 0.0000000016 0.197670 4.624425 3.152866 4.701062 -4.781916
6466 0.0000000014 0.197669 4.624425 3.152869 4.701062 -4.781915
6476 0.0000000012 0.197672 4.624426 3.152867 4.701062 -4.781915
6478 0.0000000011 0.197672 4.624426 3.152867 4.701062 -4.781915
6479 0.0000000008 0.197671 4.624426 3.152868 4.701062 -4.781915
6488 0.0000000006 0.197672 4.624426 3.152868 4.701062 -4.781915
6532 0.0000000005 0.197672 4.624426 3.152869 4.701062 -4.781915
6625 0.0000000004 0.197672 4.624426 3.152868 4.701062 -4.781915
6667 0.0000000003 0.197672 4.624426 3.152868 4.701062 -4.781915
7000 0.0000000001 0.197672 4.624426 3.152868 4.701062 -4.781915
10000 0.0000000001 0.197672 4.624427 3.152868 4.701062 -4.781916
