evaluations raw_y x0 x1 x2 x3 x4
1 9.2109655200 -3.011499 -4.606021 1.807830 4.133939 0.124723
2 5.5611278838 -0.963019 1.412760 -2.798667 0.023954 3.313220
3 3.6917971760 -3.611371 -0.802030 0.050749 -4.729588 2.311144
6 3.6407499720 1.173862 -2.961636 2.182060 0.929763 -1.203571
13 2.9417603152 -1.351836 -3.182784 0.943977 -4.969721 2.640763
18 1.6965505772 -2.548017 -2.460902 -0.616369 -4.034299 0.242103
38 1.5017719271 -0.796280 -2.460902 -0.616369 -4.034299 -2.467035
100 1.1655315813 -0.147810 -2.375140 -2.741312 -3.025852 -5.000000
127 1.1023164718 0.995356 -3.073853 -2.142092 -3.548560 -0.911603
147 0.5484897778 0.995356 -2.895248 -1.331748 -3.104256 -2.358163
379 0.3962282432 -0.112379 -5.000000 -0.915810 -3.331191 -3.152375
684 0.3677679537 0.224485 -4.133428 -1.373907 -3.169434 -3.131679
851 0.2329357255 0.942143 -3.807153 -1.742075 -3.177763 -3.130681
931 0.2160102901 0.942143 -3.633034 -1.742075 -3.177763 -3.130681
997 0.1813883526 0.153878 -3.384501 -1.144786 -2.873203 -2.845734
1042 0.1758238596 0.049821 -4.303430 -1.562137 -2.966946 -3.440723
1137 0.1755499568 0.088867 -3.384501 -1.144786 -2.884459 -2.845734
1257 0.1589454525 0.088867 -3.392417 -1.141006 -2.892584 -2.839175
1447 0.1563197771 0.155384 -3.904611 -1.339598 -2.930996 -2.630856
1505 0.1296444005 0.535900 -3.938034 -1.429505 -3.065818 -3.043585
1515 0.1097197400 0.480149 -4.188581 -1.236797 -3.003440 -2.936884
1595 0.1074203467 0.477775 -4.182897 -1.238096 -3.003440 -2.936884
1655 0.0772087890 0.477775 -4.182897 -1.170499 -2.980781 -2.934915
1795 0.0730425367 0.482793 -4.176470 -1.175655 -2.980781 -2.930698
1830 0.0693866235 0.700747 -3.926679 -1.706583 -3.145048 -3.144503
1870 0.0622724284 0.671029 -3.926679 -1.575675 -3.145048 -3.108936
1890 0.0499040918 0.625310 -3.917851 -1.575353 -3.134758 -3.089700
1930 0.0462723915 0.627993 -3.911775 -1.582754 -3.130220 -3.094336
1970 0.0328884911 0.531451 -3.911775 -1.582754 -3.130220 -3.138482
2070 0.0328193109 0.531720 -3.911775 -1.582754 -3.130220 -3.138482
2110 0.0304692688 0.525795 -3.916558 -1.600869 -3.130220 -3.138482
2330 0.0285276964 0.537206 -3.916558 -1.600869 -3.137268 -3.138482
2410 0.0256972897 0.552283 -3.916558 -1.600869 -3.137268 -3.138482
2550 0.0143246737 0.552283 -3.916558 -1.600869 -3.137268 -3.188158
2710 0.0137995985 0.572391 -3.916558 -1.600869 -3.137268 -3.188503
2870 0.0124508272 0.574999 -3.912118 -1.604238 -3.138402 -3.191547
2912 0.0062798416 0.623249 -3.912075 -1.658209 -3.107979 -3.227605
3050 0.0057182871 0.579386 -3.914395 -1.635480 -3.138402 -3.202927
3165 0.0018266905 0.586520 -3.924228 -1.629133 -3.113310 -3.242236
3305 0.0012479149 0.576136 -3.922171 -1.624766 -3.108276 -3.228424
3381 0.0005684119 0.591975 -3.910873 -1.638222 -3.118233 -3.238014
3516 0.0004973905 0.576940 -3.904435 -1.639532 -3.118914 -3.228670
3555 0.0002846733 0.585413 -3.908447 -1.638320 -3.109736 -3.241610
3586 0.0002546624 0.591136 -3.903928 -1.638817 -3.112114 -3.238939
3599 0.0001177838 0.584724 -3.903515 -1.640044 -3.115505 -3.235538
3608 0.0000498537 0.592028 -3.905413 -1.642930 -3.114599 -3.234851
3640 0.0000321388 0.586044 -3.907109 -1.638465 -3.113802 -3.233700
3673 0.0000181550 0.590524 -3.905642 -1.641831 -3.114417 -3.233424
3720 0.0000177252 0.587726 -3.906975 -1.639166 -3.114632 -3.230912
3747 0.0000120113 0.589446 -3.906008 -1.641215 -3.115630 -3.231131
3810 0.0000058076 0.586492 -3.906092 -1.640733 -3.114643 -3.233649
3851 0.0000050903 0.586739 -3.906476 -1.640238 -3.114754 -3.232271
3958 0.0000015876 0.587753 -3.905667 -1.640905 -3.114640 -3.232785
4073 0.0000008333 0.587992 -3.905630 -1.641147 -3.114717 -3.233009
4248 0.0000008325 0.587661 -3.905961 -1.641213 -3.114938 -3.232948
4268 0.0000005371 0.588071 -3.905856 -1.641208 -3.114801 -3.232799
4327 0.0000003498 0.588153 -3.905710 -1.641273 -3.114960 -3.232728
4328 0.0000002764 0.587947 -3.905742 -1.641208 -3.114858 -3.232961
4403 0.0000002484 0.587958 -3.905723 -1.641242 -3.114874 -3.232786
4419 0.0000002134 0.588013 -3.905761 -1.641219 -3.114909 -3.232920
4455 0.0000001922 0.588011 -3.905762 -1.641196 -3.114922 -3.232903
4473 0.0000001776 0.587982 -3.905728 -1.641198 -3.114865 -3.232898
4487 0.0000001711 0.588033 -3.905723 -1.641237 -3.114883 -3.232861
4490 0.0000000460 0.588000 -3.905764 -1.641149 -3.114886 -3.232810
4667 0.0000000251 0.587954 -3.905784 -1.641135 -3.114893 -3.232803
4750 0.0000000244 0.587971 -3.905781 -1.641159 -3.114891 -3.232794
4770 0.0000000232 0.587988 -3.905781 -1.641156 -3.114890 -3.232794
4781 0.0000000199 0.587963 -3.905784 -1.641147 -3.114894 -3.232829
4787 0.0000000170 0.587961 -3.905784 -1.641144 -3.114894 -3.232821
4867 0.0000000078 0.587968 -3.905794 -1.641148 -3.114888 -3.232821
4899 0.0000000069 0.587963 -3.905791 -1.641151 -3.114890 -3.232812
4917 0.0000000068 0.587974 -3.905788 -1.641149 -3.114890 -3.232812
4925 0.0000000049 0.587965 -3.905794 -1.641149 -3.114890 -3.232816
5008 0.0000000017 0.587962 -3.905794 -1.641146 -3.114894 -3.232813
5068 0.0000000013 0.587964 -3.905794 -1.641147 -3.114895 -3.232812
5119 0.0000000011 0.587964 -3.905794 -1.641148 -3.114893 -3.232811
5177 0.0000000006 0.587968 -3.905793 -1.641149 -3.114895 -3.232811
5183 0.0000000004 0.587965 -3.905794 -1.641148 -3.114895 -3.232812
5256 0.0000000002 0.587966 -3.905793 -1.641148 -3.114895 -3.232811
5418 0.0000000001 0.587966 -3.905793 -1.641148 -3.114894 -3.232811
10000 0.0000000000 0.587966 -3.905793 -1.641148 -3.114894 -3.232812
