evaluations raw_y x0 x1 x2 x3 x4
1 27.4875498024 1.161242 -2.563723 0.010012 -3.055547 0.847817
3 6.7858882273 -3.447803 -4.390340 -4.671700 -4.088059 -4.389518
9 3.7660063296 3.748022 2.649168 -2.679449 0.099921 -0.714898
22 1.3445832201 2.107095 3.133938 -3.102989 3.992239 -5.000000
29 0.7234438057 3.846896 3.300180 -1.879518 0.424918 -5.000000
66 0.6289720222 4.970045 3.828598 -5.000000 0.472998 -5.000000
80 0.5948117388 5.000000 3.434202 1.932810 -0.233493 -4.796428
86 0.4789063745 4.977814 3.602736 -5.000000 0.647862 -4.695881
99 0.4680451929 3.942390 2.607327 -4.264695 0.901334 -4.742327
100 0.4171508355 5.000000 2.877967 1.754161 -1.605546 -4.396665
109 0.2684867348 3.269694 2.873259 -4.579613 0.221674 -4.531185
175 0.2147281024 3.473105 5.000000 -5.000000 -0.352009 -4.384415
183 0.1695429357 5.000000 4.545169 -5.000000 -0.140994 -4.490881
238 0.1487650814 5.000000 5.000000 -5.000000 -0.389153 -4.434046
255 0.1076079341 5.000000 5.000000 -5.000000 -0.470164 -4.480494
271 0.0952797171 3.327086 3.687099 -2.339014 -0.645867 -4.492005
279 0.0686505933 3.349535 3.768041 -3.844109 -0.555428 -4.498318
282 0.0439113144 2.569727 3.741613 -3.327364 -0.678412 -4.498590
291 0.0336936895 3.882815 3.670447 -3.235440 -0.678476 -4.490400
379 0.0322500889 3.383042 3.716800 -3.642471 -0.661033 -4.492909
381 0.0312599837 3.886493 3.690769 -3.683895 -0.632421 -4.489051
409 0.0259361853 3.329267 3.717903 -3.664974 -0.658521 -4.485534
424 0.0237126934 3.699513 3.242908 -3.503032 -0.641979 -4.485152
429 0.0202343929 3.573475 3.567628 -3.534453 -0.661148 -4.485600
456 0.0193482554 4.476702 3.958398 -3.592347 -0.666671 -4.488215
464 0.0192138782 4.806290 5.000000 -3.571185 -0.639810 -4.485915
469 0.0185924506 3.425005 5.000000 -3.544517 -0.656095 -4.485802
538 0.0152793315 5.000000 3.605064 -3.365685 -0.688147 -4.482322
569 0.0123398003 3.330314 3.880789 -3.516599 -0.664523 -4.481682
575 0.0113395246 3.051966 4.045789 -3.474804 -0.673318 -4.482860
601 0.0105549253 3.107562 4.306953 -3.495933 -0.670699 -4.480333
608 0.0103097286 4.183363 4.045549 -3.482310 -0.675810 -4.482826
611 0.0102127942 3.264703 4.387777 -3.501388 -0.679063 -4.479426
618 0.0097272591 4.402426 4.015528 -3.470750 -0.674798 -4.481869
636 0.0093544808 4.541397 4.020843 -3.520035 -0.676496 -4.480555
718 0.0089705299 4.380135 3.985051 -3.485069 -0.674449 -4.482615
731 0.0083261335 2.478139 4.415864 -3.498081 -0.680125 -4.481691
744 0.0072080541 5.000000 4.379696 -3.563688 -0.671338 -4.482273
748 0.0063433122 5.000000 4.200010 -3.516032 -0.681327 -4.482245
775 0.0037134918 4.908681 4.590258 -3.500682 -0.674086 -4.481570
778 0.0029800262 4.804179 4.420605 -3.515090 -0.678175 -4.482358
894 0.0015415295 4.730546 4.467935 -3.508795 -0.676440 -4.482261
1017 0.0012864930 4.735582 4.513065 -3.506838 -0.675635 -4.482205
1134 0.0012719792 4.709935 4.490840 -3.508321 -0.675255 -4.482288
1140 0.0010402666 4.821928 4.496654 -3.504653 -0.675896 -4.482233
1156 0.0007699568 4.920242 4.472754 -3.504069 -0.675593 -4.482234
1239 0.0006879260 5.000000 4.491653 -3.510579 -0.675189 -4.482247
1246 0.0002174236 4.958996 4.502381 -3.505128 -0.675561 -4.482245
1359 0.0001352040 4.958890 4.497526 -3.505672 -0.675623 -4.482229
1446 0.0001346049 4.959344 4.496138 -3.505360 -0.675488 -4.482215
1492 0.0001302522 4.946177 4.500515 -3.505183 -0.675406 -4.482217
1497 0.0000957552 4.956804 4.495275 -3.506859 -0.675699 -4.482221
1559 0.0000880165 4.955128 4.495688 -3.505889 -0.675531 -4.482221
1560 0.0000604286 4.956190 4.497982 -3.506979 -0.675442 -4.482211
1579 0.0000357195 4.953415 4.496438 -3.507036 -0.675406 -4.482223
1617 0.0000339752 4.957123 4.496174 -3.506943 -0.675496 -4.482222
1639 0.0000237246 4.953631 4.496325 -3.506997 -0.675511 -4.482224
1717 0.0000178873 4.953114 4.496184 -3.506943 -0.675474 -4.482219
1770 0.0000151128 4.950222 4.496169 -3.507017 -0.675471 -4.482229
1799 0.0000120613 4.951406 4.495441 -3.506997 -0.675496 -4.482220
1947 0.0000069976 4.946375 4.495852 -3.506952 -0.675493 -4.482219
1964 0.0000062481 4.949193 4.495782 -3.506990 -0.675499 -4.482219
2025 0.0000052485 4.947963 4.495782 -3.506992 -0.675499 -4.482231
2116 0.0000028218 4.947027 4.495913 -3.506970 -0.675480 -4.482221
2289 0.0000025107 4.947428 4.495806 -3.506973 -0.675471 -4.482222
2304 0.0000011387 4.948107 4.495868 -3.506954 -0.675480 -4.482220
2409 0.0000010959 4.948182 4.495859 -3.506960 -0.675481 -4.482220
2452 0.0000006768 4.948191 4.495742 -3.506977 -0.675473 -4.482220
2569 0.0000004090 4.948142 4.495776 -3.506953 -0.675473 -4.482220
2693 0.0000002750 4.948156 4.495818 -3.506959 -0.675479 -4.482222
2811 0.0000001380 4.948153 4.495786 -3.506954 -0.675479 -4.482222
2840 0.0000001291 4.948172 4.495783 -3.506964 -0.675479 -4.482222
2867 0.0000001255 4.948172 4.495754 -3.506964 -0.675482 -4.482222
2871 0.0000000441 4.948160 4.495765 -3.506957 -0.675480 -4.482222
2904 0.0000000239 4.948154 4.495758 -3.506966 -0.675480 -4.482222
3026 0.0000000180 4.948156 4.495766 -3.506960 -0.675480 -4.482222
3109 0.0000000110 4.948156 4.495764 -3.506962 -0.675480 -4.482222
3127 0.0000000107 4.948155 4.495762 -3.506963 -0.675480 -4.482222
3214 0.0000000085 4.948154 4.495761 -3.506963 -0.675480 -4.482222
3249 0.0000000066 4.948154 4.495765 -3.506961 -0.675480 -4.482222
3368 0.0000000061 4.948153 4.495764 -3.506963 -0.675480 -4.482222
3374 0.0000000045 4.948154 4.495764 -3.506962 -0.675480 -4.482222
3418 0.0000000021 4.948152 4.495763 -3.506963 -0.675480 -4.482222
3543 0.0000000016 4.948153 4.495763 -3.506963 -0.675480 -4.482222
3612 0.0000000007 4.948153 4.495763 -3.506962 -0.675480 -4.482222
3786 0.0000000006 4.948152 4.495763 -3.506962 -0.675480 -4.482222
3788 0.0000000003 4.948152 4.495763 -3.506962 -0.675480 -4.482222
4038 0.0000000001 4.948152 4.495763 -3.506962 -0.675480 -4.482222
10000 0.0012870796 4.948588 4.495750 -3.506773 -0.675228 -4.480540
