evaluations raw_y x0 x1 x2 x3 x4
1 464.4709776225 -3.420040 1.391182 1.179793 -1.056947 3.704914
5 377.4427851919 1.300627 2.636057 -3.505311 -1.894597 4.120586
9 191.3419551560 -0.100362 -0.749756 -2.526977 -1.866864 4.770739
10 33.8982544887 -1.633584 -1.882720 -3.525309 1.966302 1.939890
21 31.2271028708 -3.627210 -4.836215 -1.829794 3.434406 -1.924300
71 13.7292535120 -5.000000 -3.111087 -2.638481 4.333400 0.573587
129 6.9988816668 -5.000000 -5.000000 -5.000000 0.814511 -2.495869
134 5.9233555977 -5.000000 -4.107780 -4.201378 3.738464 -5.000000
146 4.4719498104 -5.000000 -4.842908 -0.601863 4.371227 2.392447
212 3.7048008225 -3.175161 -1.995867 -1.721922 2.667571 5.000000
260 2.8209464750 -4.937394 -4.728653 -3.706783 2.373594 -1.757380
277 2.2838612885 -1.789893 -1.249588 -0.427569 5.000000 3.181724
296 0.7963229956 -2.397031 -1.736230 -2.751840 3.407123 0.331705
668 0.7826837439 -1.736838 -1.382801 -2.861676 4.212347 -1.865545
709 0.5913623609 -2.303690 -3.633090 -3.202024 3.773159 -4.657544
809 0.4631022797 -2.426731 -3.545637 -3.163739 3.718653 -4.172132
985 0.3944550889 -2.398045 -3.561021 -3.142499 3.723856 -4.184230
1100 0.3814653429 -2.181271 -2.708898 -3.412133 3.682285 -3.750954
1204 0.3682937756 -2.149306 -2.904260 -3.402162 3.636282 -3.977057
1288 0.3416060118 -2.842415 -3.585289 -3.070647 3.310737 -2.664693
1562 0.3016298003 -2.121337 -2.560138 -3.170400 3.626403 -2.833731
2097 0.2825228752 -3.489156 -4.285768 -2.868075 3.201048 -2.209260
2215 0.2062184724 -3.981654 -3.525162 -3.286137 3.602824 -2.370510
2237 0.2005585970 -4.129568 -2.938414 -3.797814 3.890465 -3.227953
2260 0.1881595706 -4.064882 -3.360806 -3.790728 3.533793 -3.209336
2262 0.1835564097 -4.402966 -2.993871 -3.885908 3.843446 -3.124708
2276 0.1085444290 -3.809586 -3.258156 -3.553828 3.718375 -3.102933
2554 0.0853023653 -3.830282 -3.230025 -3.432081 3.690125 -2.655227
3737 0.0644542773 -4.190796 -3.081064 -3.657664 3.936096 -3.098988
4879 0.0512154029 -4.869822 -3.324358 -3.681663 4.614019 -4.130438
5208 0.0137068894 -4.817557 -3.140798 -3.615244 4.587875 -3.679145
5522 0.0131730553 -4.821647 -3.120151 -3.610565 4.582782 -3.619494
5528 0.0131403868 -4.803164 -3.090326 -3.650436 4.545906 -3.624013
5559 0.0013154846 -4.842388 -3.117323 -3.658888 4.569604 -3.690577
5591 0.0010535596 -4.859803 -3.119214 -3.681156 4.554692 -3.699692
5704 0.0008332850 -4.850809 -3.118860 -3.662179 4.557337 -3.665632
5807 0.0003256214 -4.863964 -3.124149 -3.672828 4.563237 -3.698217
5837 0.0003172804 -4.866251 -3.119866 -3.679953 4.559752 -3.700548
5840 0.0002807549 -4.861245 -3.122827 -3.675307 4.558890 -3.696944
5920 0.0001490573 -4.857468 -3.118977 -3.673586 4.555428 -3.683754
6032 0.0001039295 -4.856134 -3.119709 -3.670974 4.557226 -3.683290
6082 0.0000959980 -4.856608 -3.119778 -3.671131 4.557668 -3.684160
6120 0.0000814690 -4.857230 -3.119606 -3.671737 4.557660 -3.684746
6122 0.0000620879 -4.859336 -3.120573 -3.671044 4.559253 -3.685096
6129 0.0000488383 -4.858654 -3.120026 -3.672429 4.558035 -3.686178
6239 0.0000466397 -4.861334 -3.120363 -3.673190 4.559157 -3.688071
6262 0.0000430012 -4.860043 -3.121624 -3.672449 4.559350 -3.690080
6264 0.0000415656 -4.861354 -3.121364 -3.672523 4.561150 -3.691908
6301 0.0000381373 -4.861299 -3.120971 -3.671951 4.561019 -3.689697
6306 0.0000226144 -4.861711 -3.120640 -3.673624 4.559811 -3.690585
6390 0.0000095973 -4.860468 -3.120810 -3.671402 4.560303 -3.688480
6405 0.0000063658 -4.862654 -3.122210 -3.672118 4.562381 -3.694040
6415 0.0000046455 -4.861026 -3.121201 -3.671468 4.561015 -3.689859
6425 0.0000016946 -4.861384 -3.120984 -3.671817 4.560832 -3.689672
6589 0.0000012130 -4.861083 -3.121262 -3.671794 4.560583 -3.689928
6612 0.0000008091 -4.860595 -3.120150 -3.672393 4.560277 -3.689719
6792 0.0000004139 -4.860329 -3.121028 -3.672139 4.559503 -3.689139
6881 0.0000003701 -4.860648 -3.121404 -3.672068 4.559803 -3.689761
6927 0.0000002312 -4.860763 -3.121105 -3.672374 4.559999 -3.690376
7031 0.0000001303 -4.860695 -3.120972 -3.672582 4.559717 -3.690219
7116 0.0000000649 -4.860657 -3.120852 -3.672636 4.559354 -3.689470
7246 0.0000000427 -4.860942 -3.121030 -3.672884 4.559274 -3.689897
7303 0.0000000158 -4.861022 -3.121001 -3.672890 4.559378 -3.689987
7468 0.0000000119 -4.861042 -3.121050 -3.672785 4.559470 -3.689952
7590 0.0000000057 -4.861096 -3.121003 -3.672833 4.559497 -3.689996
7673 0.0000000043 -4.861111 -3.120980 -3.672858 4.559490 -3.689995
7727 0.0000000026 -4.861099 -3.120971 -3.672808 4.559540 -3.689969
7787 0.0000000024 -4.861125 -3.120932 -3.672837 4.559559 -3.689992
7927 0.0000000021 -4.861057 -3.120917 -3.672819 4.559542 -3.689966
7942 0.0000000011 -4.861086 -3.120958 -3.672798 4.559527 -3.689910
8067 0.0000000010 -4.861085 -3.120937 -3.672806 4.559531 -3.689908
8119 0.0000000004 -4.861065 -3.120943 -3.672801 4.559530 -3.689925
8433 0.0000000001 -4.861069 -3.120945 -3.672817 4.559518 -3.689940
8740 0.0000000000 -4.861075 -3.120944 -3.672821 4.559516 -3.689940
10000 0.0000000000 -4.861073 -3.120942 -3.672819 4.559518 -3.689937
