evaluations raw_y x0 x1 x2 x3 x4
1 7.6588841647 -3.483901 -4.438307 1.870989 -2.976367 3.838799
2 5.6367464926 -4.477078 3.854618 4.467609 -4.486673 -0.050706
3 1.6694305685 -4.326339 -3.471895 3.304130 2.256519 -0.572098
24 0.8651098500 -1.909260 2.508877 -2.730727 -0.531636 -2.540498
29 0.2239779270 -2.721522 3.319107 -1.402319 1.258795 -3.702045
127 0.2052107405 -3.627537 4.501935 -1.223391 2.001237 -3.896525
151 0.1207333982 -3.399285 2.836648 -0.450815 1.238215 -2.110111
228 0.1125758038 -2.450387 5.000000 -1.363698 2.927416 -1.651621
280 0.0964733677 -3.808016 2.433740 -0.195184 2.081299 -3.103170
285 0.0871047056 -4.456363 4.267368 -1.029259 2.836453 -2.090789
292 0.0840412400 -2.524237 4.300105 -0.655007 2.470914 -1.494133
313 0.0603732707 -3.356791 5.000000 -0.766398 1.980723 -1.488733
421 0.0471295402 -4.453635 4.265063 -0.509646 2.171514 -1.717728
479 0.0394251303 -4.412824 4.106492 -0.629362 1.961846 -1.564763
486 0.0370255249 -3.832286 5.000000 -0.527718 1.820370 -1.508994
504 0.0337001982 -4.203001 4.106492 -0.562681 1.961846 -1.564763
548 0.0237910255 -3.832814 4.768767 -0.379481 1.817305 -1.586726
642 0.0222184253 -4.393077 4.232907 -0.192276 1.789189 -1.603874
652 0.0156030458 -4.182430 5.000000 -0.282006 1.669693 -1.600463
728 0.0137715395 -4.262650 5.000000 -0.139800 1.606829 -1.611950
749 0.0131985943 -4.293754 5.000000 -0.135798 1.798000 -1.594909
775 0.0090886623 -4.353328 5.000000 -0.074157 1.680890 -1.578811
842 0.0082567472 -4.377629 5.000000 -0.032326 1.605500 -1.593829
903 0.0082268045 -4.457471 4.912238 -0.053053 1.606829 -1.594899
907 0.0079845546 -4.439395 4.902995 -0.037122 1.646170 -1.578249
950 0.0075287542 -4.465134 4.891327 -0.007947 1.622505 -1.587572
1000 0.0074279530 -4.443198 4.911450 -0.007920 1.619217 -1.591339
1035 0.0074235556 -4.436889 4.918300 -0.030073 1.611097 -1.585733
1067 0.0074070884 -4.450022 4.910034 -0.019232 1.610602 -1.585970
1090 0.0074000885 -4.433786 4.938228 -0.020120 1.607635 -1.583363
1095 0.0073956417 -4.433649 4.937693 -0.026224 1.619809 -1.590811
1105 0.0073388927 -4.447947 4.928749 -0.006025 1.602648 -1.590348
1155 0.0073319919 -4.448620 4.924120 -0.006016 1.602648 -1.590348
1202 0.0073301152 -4.444709 4.928401 -0.012663 1.600738 -1.587514
1242 0.0073236013 -4.444991 4.926600 -0.012418 1.603379 -1.588756
1267 0.0073222236 -4.444461 4.930977 -0.012205 1.599165 -1.589727
1281 0.0073188737 -4.443601 4.927268 -0.013086 1.602580 -1.590102
1419 0.0073188316 -4.448703 4.924652 -0.010741 1.600233 -1.590158
1427 0.0073181938 -4.444489 4.926094 -0.014185 1.603584 -1.590908
1431 0.0073179946 -4.448091 4.925349 -0.010457 1.599963 -1.590859
1479 0.0073177252 -4.446344 4.926010 -0.012206 1.602764 -1.590460
1488 0.0073174910 -4.446039 4.924083 -0.011975 1.601877 -1.591259
1502 0.0073170581 -4.446801 4.923383 -0.011463 1.602038 -1.590531
1519 0.0073170230 -4.446789 4.924792 -0.011932 1.602413 -1.591114
1574 0.0073169582 -4.446699 4.923475 -0.011283 1.602103 -1.590703
1576 0.0073168133 -4.446580 4.924281 -0.012187 1.603149 -1.590823
1601 0.0073167302 -4.446708 4.923767 -0.012187 1.603186 -1.590823
1637 0.0073167213 -4.446994 4.923419 -0.012429 1.602380 -1.590806
1638 0.0073166723 -4.446506 4.924037 -0.012391 1.602754 -1.590791
1651 0.0073166650 -4.446823 4.923059 -0.012191 1.602777 -1.590823
1676 0.0073166064 -4.446823 4.923633 -0.012169 1.602777 -1.590872
1789 0.0073166037 -4.446815 4.923736 -0.012178 1.602629 -1.590837
1801 0.0073166032 -4.446739 4.923871 -0.012125 1.602595 -1.590872
1826 0.0073165940 -4.446813 4.923545 -0.012142 1.602508 -1.590872
1830 0.0073165937 -4.446811 4.923567 -0.012116 1.602484 -1.590848
1839 0.0073165898 -4.446974 4.923726 -0.012097 1.602514 -1.590869
1843 0.0073165802 -4.446919 4.923509 -0.012035 1.602482 -1.590855
1889 0.0073165743 -4.446947 4.923604 -0.011985 1.602494 -1.590862
1943 0.0073165739 -4.446974 4.923593 -0.011995 1.602500 -1.590863
1952 0.0073165711 -4.447069 4.923435 -0.011936 1.602330 -1.590886
1958 0.0073165708 -4.447042 4.923421 -0.011957 1.602562 -1.590878
1962 0.0073165696 -4.447151 4.923467 -0.011900 1.602374 -1.590854
1977 0.0073165671 -4.447130 4.923423 -0.011941 1.602518 -1.590891
1994 0.0073165651 -4.447144 4.923315 -0.011897 1.602502 -1.590901
2005 0.0073165630 -4.447224 4.923317 -0.011830 1.602473 -1.590889
2037 0.0073165624 -4.447231 4.923359 -0.011850 1.602438 -1.590915
2083 0.0073165618 -4.447292 4.923280 -0.011763 1.602343 -1.590897
2089 0.0073165612 -4.447161 4.923402 -0.011858 1.602425 -1.590900
2098 0.0073165607 -4.447171 4.923372 -0.011826 1.602427 -1.590896
2127 0.0073165602 -4.447209 4.923427 -0.011763 1.602402 -1.590897
2142 0.0073165600 -4.447217 4.923403 -0.011799 1.602353 -1.590897
2155 0.0073165595 -4.447208 4.923381 -0.011795 1.602400 -1.590903
2229 0.0073165594 -4.447233 4.923350 -0.011765 1.602378 -1.590904
2252 0.0073165592 -4.447220 4.923410 -0.011761 1.602364 -1.590901
2368 0.0073165591 -4.447230 4.923386 -0.011754 1.602357 -1.590905
10000 0.0073165591 -4.447233 4.923384 -0.011756 1.602363 -1.590907
