evaluations raw_y x0 x1 x2 x3 x4
1 8.1923450575 4.578206 -0.372634 -1.763796 4.004630 -4.941418
3 6.1868010949 0.999068 2.739358 -3.413278 3.980490 -2.411373
7 5.1166572176 3.857599 -0.394534 4.072700 -2.915187 0.943859
8 3.6872243096 -2.572115 3.090300 -2.491424 -3.933033 4.488430
13 2.1953821244 1.418371 3.500705 0.049843 -0.733174 3.209042
52 1.3369542350 4.520418 -1.533440 -1.940231 0.162734 4.851632
55 1.2180381183 -0.300749 -0.038159 -1.190171 2.589035 4.238506
86 0.4003106901 2.921003 3.660926 -2.607732 2.083231 5.000000
197 0.2295663790 2.921003 3.643263 -2.437060 1.503708 4.508698
359 0.1607261533 3.921991 1.659451 -1.673652 1.790070 5.000000
407 0.1516358740 2.903469 1.451975 -2.013762 1.473834 4.568087
518 0.0315789627 3.901330 1.686107 -1.791610 1.672360 4.549615
947 0.0268572053 3.648259 1.539758 -1.791229 1.753976 4.534239
1159 0.0194360904 3.823753 1.641532 -1.871020 1.759790 4.539645
1202 0.0164979712 3.725502 1.754385 -1.815450 1.757833 4.537124
1233 0.0129956077 3.850696 1.697019 -1.842895 1.774064 4.530308
1257 0.0108580964 3.792637 1.761388 -1.860284 1.765466 4.534909
1374 0.0108545220 3.862087 1.744978 -1.833880 1.762254 4.523951
1448 0.0089064651 3.831860 1.702986 -1.821664 1.773439 4.532881
1483 0.0069209325 3.888501 1.739916 -1.818365 1.763174 4.534820
1526 0.0063790272 3.809540 1.721634 -1.820583 1.764258 4.530308
1610 0.0044211820 3.839755 1.737110 -1.835506 1.768201 4.533889
1654 0.0042649323 3.820173 1.745845 -1.820311 1.771816 4.536936
1686 0.0039061792 3.820697 1.730416 -1.810863 1.759720 4.532945
1705 0.0034582984 3.820173 1.733123 -1.824404 1.771543 4.535290
1715 0.0025608634 3.827524 1.732764 -1.816153 1.761759 4.532657
1750 0.0024684214 3.842761 1.745666 -1.822326 1.761544 4.534896
1782 0.0024058621 3.836518 1.728281 -1.824660 1.757314 4.533373
1842 0.0022901802 3.824688 1.729901 -1.831050 1.760147 4.533530
1858 0.0020792514 3.839808 1.739700 -1.828065 1.761154 4.534690
1862 0.0015423902 3.828075 1.732764 -1.823031 1.758040 4.532657
1869 0.0012385867 3.829148 1.732066 -1.825422 1.757678 4.533986
1934 0.0010413276 3.827984 1.735713 -1.819741 1.761630 4.533842
1943 0.0010208250 3.829148 1.733533 -1.821543 1.758024 4.533986
1977 0.0009319583 3.831286 1.733174 -1.821755 1.762216 4.534617
1997 0.0008241172 3.832384 1.734420 -1.823284 1.757784 4.533706
2022 0.0007372788 3.830309 1.738439 -1.819009 1.760376 4.534326
2113 0.0006100907 3.828669 1.734325 -1.823284 1.760899 4.534998
2114 0.0005241404 3.828934 1.735116 -1.824110 1.761316 4.534535
2128 0.0004464085 3.830055 1.736607 -1.821735 1.760312 4.534559
2185 0.0003343655 3.829438 1.735507 -1.822378 1.760391 4.534541
2188 0.0002685265 3.830886 1.736726 -1.821764 1.760940 4.534291
2220 0.0002615737 3.829474 1.735101 -1.822506 1.760391 4.534476
2303 0.0001759894 3.830111 1.734864 -1.822130 1.760658 4.534428
2444 0.0001122041 3.829839 1.734786 -1.822830 1.760693 4.534337
2495 0.0000797210 3.830236 1.735197 -1.822620 1.760755 4.534395
2581 0.0000730404 3.830425 1.735207 -1.822488 1.760790 4.534388
2605 0.0000620684 3.830440 1.735344 -1.822527 1.760550 4.534327
2614 0.0000558428 3.830480 1.735325 -1.822319 1.760790 4.534364
2653 0.0000492102 3.830168 1.735341 -1.822447 1.760829 4.534371
2701 0.0000192536 3.830304 1.735277 -1.822396 1.760749 4.534343
2733 0.0000188588 3.830214 1.735302 -1.822389 1.760725 4.534335
2791 0.0000169791 3.830264 1.735380 -1.822403 1.760706 4.534338
2820 0.0000155895 3.830274 1.735375 -1.822405 1.760707 4.534337
2823 0.0000122946 3.830369 1.735383 -1.822358 1.760710 4.534332
2921 0.0000107218 3.830308 1.735341 -1.822372 1.760704 4.534339
2975 0.0000093382 3.830304 1.735374 -1.822393 1.760717 4.534337
2987 0.0000071622 3.830343 1.735376 -1.822373 1.760738 4.534337
3013 0.0000015765 3.830344 1.735350 -1.822392 1.760719 4.534338
3058 0.0000010830 3.830339 1.735352 -1.822390 1.760726 4.534339
3215 0.0000010274 3.830341 1.735352 -1.822390 1.760720 4.534338
3321 0.0000007127 3.830340 1.735353 -1.822391 1.760725 4.534338
3377 0.0000006491 3.830339 1.735350 -1.822391 1.760722 4.534338
3398 0.0000006161 3.830340 1.735352 -1.822393 1.760724 4.534338
3473 0.0000004770 3.830338 1.735351 -1.822393 1.760723 4.534338
3485 0.0000004612 3.830339 1.735353 -1.822391 1.760725 4.534338
3498 0.0000004245 3.830338 1.735352 -1.822391 1.760723 4.534339
3499 0.0000004128 3.830337 1.735352 -1.822391 1.760723 4.534338
3528 0.0000003174 3.830337 1.735352 -1.822391 1.760724 4.534338
3558 0.0000002567 3.830338 1.735353 -1.822391 1.760724 4.534339
3561 0.0000001530 3.830339 1.735352 -1.822392 1.760724 4.534338
3654 0.0000001308 3.830339 1.735353 -1.822391 1.760724 4.534338
3716 0.0000001155 3.830339 1.735352 -1.822391 1.760723 4.534338
3717 0.0000000971 3.830339 1.735352 -1.822391 1.760724 4.534338
3730 0.0000000859 3.830339 1.735352 -1.822391 1.760723 4.534338
3747 0.0000000678 3.830339 1.735353 -1.822391 1.760724 4.534338
3773 0.0000000621 3.830338 1.735352 -1.822391 1.760724 4.534338
3813 0.0000000436 3.830339 1.735352 -1.822391 1.760724 4.534338
3900 0.0000000432 3.830338 1.735352 -1.822391 1.760724 4.534338
3920 0.0000000407 3.830339 1.735352 -1.822391 1.760724 4.534338
3927 0.0000000396 3.830339 1.735352 -1.822391 1.760724 4.534338
3952 0.0000000281 3.830339 1.735352 -1.822391 1.760724 4.534338
3961 0.0000000271 3.830339 1.735352 -1.822391 1.760724 4.534338
4002 0.0000000169 3.830339 1.735352 -1.822391 1.760724 4.534338
4113 0.0000000157 3.830339 1.735352 -1.822391 1.760724 4.534338
4165 0.0000000136 3.830339 1.735352 -1.822391 1.760724 4.534338
4177 0.0000000128 3.830339 1.735352 -1.822391 1.760724 4.534338
4183 0.0000000126 3.830339 1.735352 -1.822391 1.760724 4.534338
4196 0.0000000124 3.830339 1.735352 -1.822391 1.760724 4.534338
4197 0.0000000106 3.830339 1.735352 -1.822391 1.760724 4.534338
4199 0.0000000099 3.830339 1.735352 -1.822391 1.760724 4.534338
4249 0.0000000080 3.830339 1.735352 -1.822391 1.760724 4.534338
4280 0.0000000075 3.830339 1.735352 -1.822391 1.760724 4.534338
4326 0.0000000064 3.830339 1.735352 -1.822391 1.760724 4.534338
4366 0.0000000051 3.830339 1.735352 -1.822391 1.760724 4.534338
4412 0.0000000043 3.830339 1.735352 -1.822391 1.760724 4.534338
4446 0.0000000027 3.830339 1.735352 -1.822391 1.760724 4.534338
4540 0.0000000024 3.830339 1.735352 -1.822391 1.760724 4.534338
4594 0.0000000020 3.830339 1.735352 -1.822391 1.760724 4.534338
4653 0.0000000018 3.830339 1.735352 -1.822391 1.760724 4.534338
4671 0.0000000017 3.830339 1.735352 -1.822391 1.760724 4.534338
4723 0.0000000011 3.830339 1.735352 -1.822391 1.760724 4.534338
4809 0.0000000010 3.830339 1.735352 -1.822391 1.760724 4.534338
4830 0.0000000008 3.830339 1.735352 -1.822391 1.760724 4.534338
4888 0.0000000007 3.830339 1.735352 -1.822391 1.760724 4.534338
4962 0.0000000006 3.830339 1.735352 -1.822391 1.760724 4.534338
5044 0.0000000005 3.830339 1.735352 -1.822391 1.760724 4.534338
5099 0.0000000003 3.830339 1.735352 -1.822391 1.760724 4.534338
5222 0.0000000002 3.830339 1.735352 -1.822391 1.760724 4.534338
5360 0.0000000001 3.830339 1.735352 -1.822391 1.760724 4.534338
10000 0.0000000000 3.830339 1.735352 -1.822391 1.760724 4.534338
