evaluations raw_y x0 x1 x2 x3 x4
1 15.2974929577 0.590740 -1.427686 -0.110316 -4.853559 -4.135917
3 4.7917821771 4.952730 -4.388682 -4.309771 2.564453 4.814858
11 4.1903866393 4.936979 -3.532518 -0.574122 1.522037 1.912017
17 3.0703898882 3.290319 -1.037196 -0.073699 4.397002 1.785391
55 2.3900563982 5.000000 1.710119 -1.716735 1.215495 5.000000
59 2.3419594145 2.526227 1.037334 -0.552726 2.071000 2.068755
112 1.8675092099 5.000000 -2.045934 -1.112406 4.041275 5.000000
181 1.3798554547 2.581919 0.692661 -1.176216 3.731359 4.362978
219 1.1500602266 5.000000 -0.474055 -1.779664 1.902067 5.000000
255 0.8968918285 5.000000 -0.653695 -0.573344 1.972531 4.226264
358 0.8239673830 5.000000 -1.824936 -0.349656 3.582635 4.146112
392 0.4518036490 3.646833 0.009622 -2.708301 2.327612 5.000000
495 0.4417544848 3.636014 -0.344634 -1.559795 3.369749 4.387403
504 0.3749454139 3.511903 0.239332 -2.039562 2.951289 4.886727
668 0.3558612556 3.909660 0.189007 -1.536450 2.597364 4.377377
687 0.2583292226 3.799319 0.200674 -1.896585 2.307029 4.561048
727 0.1949733360 3.786528 0.430440 -1.529944 2.765470 4.478757
756 0.1673428436 3.902165 -0.077764 -1.852189 2.912128 4.770441
767 0.1474297591 3.979741 0.502662 -1.601960 2.904481 4.816883
868 0.1165432455 3.622961 0.339408 -1.753172 2.857380 4.629805
886 0.1153914063 3.817505 0.554056 -1.529944 2.765470 4.641522
935 0.0778361027 3.762271 0.401233 -1.551934 3.136916 4.696889
990 0.0725213500 3.802872 0.412752 -1.655603 2.783361 4.709253
1033 0.0220810084 3.765829 0.433450 -1.605696 3.017781 4.755595
1236 0.0140439956 3.745196 0.518834 -1.603735 2.962645 4.745230
1330 0.0112908135 3.722227 0.496242 -1.600851 2.969041 4.711212
1436 0.0077105225 3.741556 0.506788 -1.607558 2.983142 4.743432
1451 0.0067325963 3.761538 0.453764 -1.574716 2.975765 4.712070
1551 0.0045926371 3.743783 0.475052 -1.609315 2.972859 4.735089
1595 0.0044811314 3.762770 0.466659 -1.615057 2.951995 4.735460
1605 0.0011962749 3.753880 0.462743 -1.600738 2.972004 4.722578
1705 0.0011013408 3.753880 0.464120 -1.597778 2.965220 4.719598
1707 0.0009972811 3.757109 0.475810 -1.601990 2.966048 4.729977
1787 0.0008602129 3.749241 0.469000 -1.599520 2.968508 4.724998
1866 0.0007760906 3.756026 0.464308 -1.605507 2.970391 4.728405
1897 0.0005678782 3.755377 0.471337 -1.599652 2.964625 4.726248
1931 0.0005478510 3.751091 0.469414 -1.597511 2.968508 4.720168
1934 0.0003906471 3.755790 0.469349 -1.602193 2.965629 4.726248
1936 0.0003493217 3.753686 0.472931 -1.599870 2.967067 4.727072
1982 0.0002466433 3.753247 0.468860 -1.601897 2.965766 4.724004
2042 0.0002281225 3.752568 0.472153 -1.599494 2.967784 4.722831
2077 0.0002276501 3.753946 0.469224 -1.601144 2.965951 4.724533
2134 0.0001134384 3.753521 0.470846 -1.600176 2.968287 4.723734
2193 0.0001045029 3.752721 0.471614 -1.599425 2.967073 4.723004
2196 0.0000790557 3.753462 0.471970 -1.600743 2.967512 4.724837
2244 0.0000519243 3.752983 0.470754 -1.601068 2.967869 4.723858
2294 0.0000482416 3.753401 0.470959 -1.600528 2.968179 4.724306
2301 0.0000321669 3.753322 0.471243 -1.600117 2.967512 4.724144
2360 0.0000280653 3.753641 0.471027 -1.601079 2.967544 4.724564
2394 0.0000257704 3.753416 0.471215 -1.600569 2.967784 4.724689
2429 0.0000194084 3.753325 0.470779 -1.600654 2.968189 4.724542
2513 0.0000188041 3.753374 0.471168 -1.600971 2.967695 4.724637
2526 0.0000170227 3.753041 0.471170 -1.600949 2.967813 4.724419
2529 0.0000152496 3.753135 0.471136 -1.600666 2.967583 4.724563
2538 0.0000144263 3.753194 0.470853 -1.600658 2.967659 4.724359
2559 0.0000070689 3.752990 0.471061 -1.601026 2.967429 4.724309
2571 0.0000064434 3.753254 0.471010 -1.600860 2.967589 4.724441
2631 0.0000061131 3.752984 0.471063 -1.601047 2.967468 4.724360
2665 0.0000049748 3.753195 0.471031 -1.600975 2.967657 4.724539
2692 0.0000026376 3.753127 0.471062 -1.600888 2.967552 4.724418
2704 0.0000019470 3.753140 0.470991 -1.600992 2.967486 4.724424
2818 0.0000012226 3.753108 0.471028 -1.600954 2.967537 4.724455
2889 0.0000009376 3.753142 0.471032 -1.600937 2.967531 4.724452
2922 0.0000003511 3.753151 0.471037 -1.600976 2.967509 4.724487
3014 0.0000002081 3.753147 0.471032 -1.600963 2.967524 4.724484
3113 0.0000001892 3.753147 0.471017 -1.600970 2.967529 4.724489
3128 0.0000001391 3.753145 0.471028 -1.600982 2.967516 4.724486
3244 0.0000001390 3.753154 0.471022 -1.600984 2.967512 4.724486
3245 0.0000001375 3.753150 0.471021 -1.600993 2.967512 4.724494
3258 0.0000001269 3.753151 0.471022 -1.600986 2.967519 4.724497
3281 0.0000000916 3.753150 0.471011 -1.600969 2.967527 4.724481
3319 0.0000000884 3.753150 0.471015 -1.600968 2.967528 4.724484
3322 0.0000000724 3.753145 0.471017 -1.600979 2.967522 4.724489
3324 0.0000000647 3.753148 0.471021 -1.600981 2.967509 4.724488
3345 0.0000000615 3.753148 0.471015 -1.600975 2.967523 4.724483
3348 0.0000000523 3.753150 0.471016 -1.600975 2.967520 4.724488
3366 0.0000000431 3.753149 0.471020 -1.600976 2.967514 4.724485
3393 0.0000000257 3.753145 0.471019 -1.600979 2.967518 4.724487
3452 0.0000000209 3.753145 0.471020 -1.600978 2.967518 4.724486
3505 0.0000000175 3.753145 0.471019 -1.600981 2.967514 4.724485
3534 0.0000000128 3.753145 0.471019 -1.600979 2.967515 4.724485
3556 0.0000000086 3.753148 0.471019 -1.600979 2.967518 4.724487
3604 0.0000000062 3.753147 0.471019 -1.600979 2.967517 4.724485
3645 0.0000000061 3.753146 0.471019 -1.600978 2.967517 4.724486
3672 0.0000000030 3.753146 0.471020 -1.600980 2.967516 4.724486
3712 0.0000000017 3.753147 0.471019 -1.600979 2.967517 4.724486
3787 0.0000000011 3.753147 0.471019 -1.600979 2.967516 4.724486
3924 0.0000000007 3.753147 0.471019 -1.600979 2.967517 4.724486
4079 0.0000000005 3.753147 0.471019 -1.600979 2.967517 4.724486
4240 0.0000000004 3.753147 0.471019 -1.600979 2.967517 4.724486
4330 0.0000000002 3.753147 0.471019 -1.600979 2.967517 4.724486
4545 0.0000000001 3.753147 0.471019 -1.600979 2.967517 4.724486
10000 0.0000000000 3.753147 0.471019 -1.600979 2.967517 4.724486
