evaluations raw_y x0 x1 x2 x3 x4
1 25.4778425004 1.232568 -4.962641 -4.187521 4.851793 2.977722
2 25.0866097532 -4.211701 4.304189 1.353320 2.687271 2.807297
4 22.6025336219 0.279476 1.171590 -4.189989 -0.129874 0.294614
5 3.9004318351 -4.183661 -2.471131 1.457630 0.892117 -1.705798
10 1.7208470551 -1.806069 -1.639498 2.734008 2.550587 0.804982
11 1.4655556645 -0.726642 -2.228546 1.800935 3.202811 -0.292730
54 1.1041207052 -1.514826 -3.071915 3.074567 2.688097 0.092102
111 0.8778430568 -1.272478 -2.467754 5.000000 1.640652 0.256496
128 0.7256842966 -1.806069 -5.000000 4.459750 2.550587 0.804982
175 0.5219077577 -1.712401 -3.631454 5.000000 1.189539 1.011009
226 0.4988096352 -1.665357 -3.585368 5.000000 1.226264 1.040361
270 0.2968116659 -1.444286 -3.834521 4.133757 1.789848 0.896165
318 0.1611135279 -1.199537 -3.173664 4.786764 2.243876 1.337469
469 0.1398849504 -1.494731 -3.483609 4.556666 1.994658 1.270891
540 0.1024149525 -1.180894 -3.344341 4.489767 2.203304 1.103481
606 0.0900564749 -1.276425 -3.413528 4.527607 1.908208 1.070460
663 0.0861266184 -1.319477 -3.165252 4.614962 2.119751 1.346725
682 0.0590480124 -1.207825 -3.318064 4.540416 2.008162 1.117261
708 0.0364135477 -1.270007 -3.184607 4.610829 1.904636 1.228264
857 0.0186341623 -1.254014 -3.201709 4.560979 1.999309 1.205377
877 0.0179668048 -1.242646 -3.214767 4.574393 1.999309 1.171688
927 0.0172754115 -1.241448 -3.202221 4.567448 2.000643 1.175589
952 0.0145627051 -1.252708 -3.218399 4.574208 2.000263 1.182327
958 0.0127109827 -1.272308 -3.220372 4.573157 2.048290 1.279100
977 0.0121152908 -1.271756 -3.229065 4.581830 2.038219 1.275929
1052 0.0110699716 -1.269252 -3.231727 4.585411 2.035841 1.272710
1103 0.0108603251 -1.240614 -3.188018 4.563920 2.044720 1.261826
1106 0.0097689009 -1.250702 -3.218399 4.572344 2.008623 1.194537
1127 0.0081901069 -1.250699 -3.212575 4.573066 2.011156 1.204782
1135 0.0080728192 -1.245659 -3.236064 4.562716 2.022598 1.228650
1152 0.0080049481 -1.245022 -3.237489 4.568262 2.018377 1.227015
1153 0.0060493779 -1.243260 -3.215126 4.562223 2.008113 1.202783
1162 0.0055381123 -1.253170 -3.217204 4.557059 2.026092 1.234113
1179 0.0048248212 -1.243260 -3.205098 4.562223 2.020802 1.220192
1208 0.0043658762 -1.256255 -3.219417 4.581825 2.024738 1.236791
1235 0.0018339977 -1.241137 -3.214737 4.568262 2.018377 1.225677
1253 0.0014749235 -1.242652 -3.217233 4.572982 2.020924 1.227759
1303 0.0010231936 -1.243690 -3.218311 4.571304 2.020924 1.227877
1328 0.0009359910 -1.246330 -3.219028 4.571798 2.020924 1.230214
1404 0.0006872320 -1.246965 -3.220315 4.571087 2.021641 1.230214
1479 0.0003282262 -1.246498 -3.218264 4.570391 2.022357 1.230519
1530 0.0002873111 -1.246181 -3.217836 4.571884 2.022404 1.230519
1630 0.0002416827 -1.246332 -3.217048 4.571391 2.021663 1.230124
1705 0.0002153748 -1.246695 -3.216762 4.571564 2.022625 1.230124
1731 0.0002039070 -1.247449 -3.217690 4.570248 2.023089 1.231139
1756 0.0000981255 -1.246695 -3.216762 4.570690 2.022625 1.230124
1805 0.0000736130 -1.246304 -3.216519 4.570887 2.022856 1.230662
1855 0.0000211605 -1.246113 -3.216927 4.570566 2.022553 1.229928
2105 0.0000137540 -1.246113 -3.216927 4.570449 2.022553 1.229928
2180 0.0000051327 -1.246159 -3.216927 4.570449 2.022553 1.229928
2330 0.0000046855 -1.246159 -3.216927 4.570384 2.022553 1.229928
2380 0.0000044544 -1.246159 -3.216927 4.570388 2.022553 1.229928
2430 0.0000019059 -1.246159 -3.216858 4.570388 2.022553 1.229928
2531 0.0000012338 -1.246159 -3.216858 4.570388 2.022566 1.229942
2681 0.0000011011 -1.246159 -3.216858 4.570401 2.022566 1.229951
2756 0.0000009383 -1.246159 -3.216858 4.570401 2.022566 1.229949
3131 0.0000008972 -1.246159 -3.216858 4.570401 2.022568 1.229949
3132 0.0000006170 -1.246164 -3.216883 4.570417 2.022574 1.229957
3173 0.0000003324 -1.246161 -3.216862 4.570399 2.022579 1.229960
3207 0.0000002771 -1.246162 -3.216862 4.570399 2.022579 1.229960
3282 0.0000002567 -1.246162 -3.216864 4.570399 2.022579 1.229960
3361 0.0000002117 -1.246164 -3.216867 4.570398 2.022581 1.229956
3407 0.0000001864 -1.246164 -3.216867 4.570398 2.022581 1.229956
3432 0.0000001206 -1.246165 -3.216867 4.570398 2.022581 1.229961
3457 0.0000000956 -1.246164 -3.216867 4.570398 2.022582 1.229961
3532 0.0000000937 -1.246164 -3.216867 4.570398 2.022582 1.229961
3557 0.0000000727 -1.246164 -3.216867 4.570398 2.022583 1.229961
3586 0.0000000251 -1.246165 -3.216867 4.570400 2.022586 1.229967
3840 0.0000000217 -1.246165 -3.216867 4.570401 2.022584 1.229962
3913 0.0000000208 -1.246163 -3.216867 4.570400 2.022583 1.229961
3984 0.0000000191 -1.246163 -3.216866 4.570402 2.022584 1.229964
3989 0.0000000175 -1.246164 -3.216866 4.570401 2.022584 1.229964
4012 0.0000000168 -1.246164 -3.216867 4.570400 2.022584 1.229964
4015 0.0000000141 -1.246164 -3.216867 4.570401 2.022585 1.229965
4034 0.0000000120 -1.246164 -3.216867 4.570401 2.022585 1.229965
4084 0.0000000084 -1.246164 -3.216867 4.570401 2.022585 1.229965
4113 0.0000000076 -1.246164 -3.216867 4.570401 2.022584 1.229964
4159 0.0000000067 -1.246164 -3.216867 4.570401 2.022584 1.229963
4190 0.0000000063 -1.246164 -3.216867 4.570401 2.022584 1.229963
4209 0.0000000025 -1.246164 -3.216867 4.570401 2.022584 1.229963
4309 0.0000000014 -1.246163 -3.216867 4.570401 2.022584 1.229963
4545 0.0000000009 -1.246164 -3.216867 4.570401 2.022584 1.229964
4738 0.0000000004 -1.246164 -3.216867 4.570401 2.022584 1.229964
4967 0.0000000002 -1.246164 -3.216867 4.570401 2.022584 1.229964
5491 0.0000000001 -1.246164 -3.216867 4.570401 2.022584 1.229964
10000 0.0000000000 -1.246164 -3.216867 4.570401 2.022584 1.229964
